38.81183746064329,-77.02720428550461
38.81183746064329,-77.0236173219868
38.81183746064329,-77.020030358469
38.81183746064329,-77.0164433949512
38.81183746064329,-77.01285643143339
38.81183746064329,-77.00926946791559
38.81462505485504,-77.02720428550461
38.81462505485504,-77.0236173219868
38.81462505485504,-77.020030358469
38.81462505485504,-77.0164433949512
38.81462505485504,-77.01285643143339
38.81462505485504,-77.00926946791559
38.817412649066796,-77.02720428550461
38.817412649066796,-77.0236173219868
38.817412649066796,-77.020030358469
38.817412649066796,-77.0164433949512
38.817412649066796,-77.01285643143339
38.817412649066796,-77.00926946791559
38.817412649066796,-77.00568250439778
38.817412649066796,-77.00209554087998
38.82020024327855,-77.02720428550461
38.82020024327855,-77.0236173219868
38.82020024327855,-77.020030358469
38.82020024327855,-77.0164433949512
38.82020024327855,-77.01285643143339
38.82020024327855,-77.00926946791559
38.82020024327855,-77.00568250439778
38.82020024327855,-77.00209554087998
38.82020024327855,-76.99850857736217
38.8229878374903,-77.02720428550461
38.8229878374903,-77.0236173219868
38.8229878374903,-77.020030358469
38.8229878374903,-77.0164433949512
38.8229878374903,-77.01285643143339
38.8229878374903,-77.00926946791559
38.8229878374903,-77.00568250439778
38.8229878374903,-77.00209554087998
38.8229878374903,-76.99850857736217
38.8229878374903,-76.99492161384437
38.825775431702056,-77.02720428550461
38.825775431702056,-77.0236173219868
38.825775431702056,-77.020030358469
38.825775431702056,-77.0164433949512
38.825775431702056,-77.01285643143339
38.825775431702056,-77.00926946791559
38.825775431702056,-77.00568250439778
38.825775431702056,-77.00209554087998
38.825775431702056,-76.99850857736217
38.825775431702056,-76.99492161384437
38.825775431702056,-76.99133465032656
38.82856302591381,-77.02720428550461
38.82856302591381,-77.0236173219868
38.82856302591381,-77.020030358469
38.82856302591381,-77.0164433949512
38.82856302591381,-77.01285643143339
38.82856302591381,-77.00926946791559
38.82856302591381,-77.00568250439778
38.82856302591381,-77.00209554087998
38.82856302591381,-76.99850857736217
38.82856302591381,-76.99492161384437
38.82856302591381,-76.99133465032656
38.82856302591381,-76.98774768680876
38.83135062012556,-77.02720428550461
38.83135062012556,-77.0236173219868
38.83135062012556,-77.020030358469
38.83135062012556,-77.0164433949512
38.83135062012556,-77.01285643143339
38.83135062012556,-77.00926946791559
38.83135062012556,-77.00568250439778
38.83135062012556,-77.00209554087998
38.83135062012556,-76.99850857736217
38.83135062012556,-76.99492161384437
38.83135062012556,-76.99133465032656
38.83135062012556,-76.98774768680876
38.83135062012556,-76.98416072329096
38.834138214337315,-77.02720428550461
38.834138214337315,-77.0236173219868
38.834138214337315,-77.020030358469
38.834138214337315,-77.0164433949512
38.834138214337315,-77.01285643143339
38.834138214337315,-77.00926946791559
38.834138214337315,-77.00568250439778
38.834138214337315,-77.00209554087998
38.834138214337315,-76.99850857736217
38.834138214337315,-76.99492161384437
38.834138214337315,-76.99133465032656
38.834138214337315,-76.98774768680876
38.834138214337315,-76.98416072329096
38.834138214337315,-76.98057375977315
38.83692580854907,-77.0236173219868
38.83692580854907,-77.020030358469
38.83692580854907,-77.0164433949512
38.83692580854907,-77.01285643143339
38.83692580854907,-77.00926946791559
38.83692580854907,-77.00568250439778
38.83692580854907,-77.00209554087998
38.83692580854907,-76.99850857736217
38.83692580854907,-76.99492161384437
38.83692580854907,-76.99133465032656
38.83692580854907,-76.98774768680876
38.83692580854907,-76.98416072329096
38.83692580854907,-76.98057375977315
38.83971340276082,-77.0236173219868
38.83971340276082,-77.020030358469
38.83971340276082,-77.0164433949512
38.83971340276082,-77.01285643143339
38.83971340276082,-77.00926946791559
38.83971340276082,-77.00568250439778
38.83971340276082,-77.00209554087998
38.83971340276082,-76.99850857736217
38.83971340276082,-76.99492161384437
38.83971340276082,-76.99133465032656
38.83971340276082,-76.98774768680876
38.83971340276082,-76.98416072329096
38.83971340276082,-76.98057375977315
38.83971340276082,-76.97698679625535
38.83971340276082,-76.97339983273754
38.842500996972575,-77.0236173219868
38.842500996972575,-77.020030358469
38.842500996972575,-77.0164433949512
38.842500996972575,-77.01285643143339
38.842500996972575,-77.00926946791559
38.842500996972575,-77.00568250439778
38.842500996972575,-77.00209554087998
38.842500996972575,-76.99850857736217
38.842500996972575,-76.99492161384437
38.842500996972575,-76.99133465032656
38.842500996972575,-76.98774768680876
38.842500996972575,-76.98416072329096
38.842500996972575,-76.98057375977315
38.842500996972575,-76.97698679625535
38.842500996972575,-76.97339983273754
38.842500996972575,-76.96981286921974
38.84528859118433,-77.0236173219868
38.84528859118433,-77.020030358469
38.84528859118433,-77.0164433949512
38.84528859118433,-77.01285643143339
38.84528859118433,-77.00926946791559
38.84528859118433,-77.00568250439778
38.84528859118433,-77.00209554087998
38.84528859118433,-76.99850857736217
38.84528859118433,-76.99492161384437
38.84528859118433,-76.99133465032656
38.84528859118433,-76.98774768680876
38.84528859118433,-76.98416072329096
38.84528859118433,-76.98057375977315
38.84528859118433,-76.97698679625535
38.84528859118433,-76.97339983273754
38.84528859118433,-76.96981286921974
38.84528859118433,-76.96622590570193
38.84807618539608,-77.0236173219868
38.84807618539608,-77.020030358469
38.84807618539608,-77.0164433949512
38.84807618539608,-77.01285643143339
38.84807618539608,-77.00926946791559
38.84807618539608,-77.00568250439778
38.84807618539608,-77.00209554087998
38.84807618539608,-76.99850857736217
38.84807618539608,-76.99492161384437
38.84807618539608,-76.99133465032656
38.84807618539608,-76.98774768680876
38.84807618539608,-76.98416072329096
38.84807618539608,-76.98057375977315
38.84807618539608,-76.97698679625535
38.84807618539608,-76.97339983273754
38.84807618539608,-76.96981286921974
38.84807618539608,-76.96622590570193
38.84807618539608,-76.96263894218413
38.850863779607835,-77.020030358469
38.850863779607835,-77.0164433949512
38.850863779607835,-77.01285643143339
38.850863779607835,-77.00926946791559
38.850863779607835,-77.00568250439778
38.850863779607835,-77.00209554087998
38.850863779607835,-76.99850857736217
38.850863779607835,-76.99492161384437
38.850863779607835,-76.99133465032656
38.850863779607835,-76.98774768680876
38.850863779607835,-76.98416072329096
38.850863779607835,-76.98057375977315
38.850863779607835,-76.97698679625535
38.850863779607835,-76.97339983273754
38.850863779607835,-76.96981286921974
38.850863779607835,-76.96622590570193
38.850863779607835,-76.96263894218413
38.850863779607835,-76.95905197866632
38.85365137381959,-77.020030358469
38.85365137381959,-77.0164433949512
38.85365137381959,-77.01285643143339
38.85365137381959,-77.00926946791559
38.85365137381959,-77.00568250439778
38.85365137381959,-77.00209554087998
38.85365137381959,-76.99850857736217
38.85365137381959,-76.99492161384437
38.85365137381959,-76.99133465032656
38.85365137381959,-76.98774768680876
38.85365137381959,-76.98416072329096
38.85365137381959,-76.98057375977315
38.85365137381959,-76.97698679625535
38.85365137381959,-76.97339983273754
38.85365137381959,-76.96981286921974
38.85365137381959,-76.96622590570193
38.85365137381959,-76.96263894218413
38.85365137381959,-76.95905197866632
38.85365137381959,-76.95546501514852
38.85643896803134,-77.0164433949512
38.85643896803134,-77.01285643143339
38.85643896803134,-77.00926946791559
38.85643896803134,-77.00568250439778
38.85643896803134,-77.00209554087998
38.85643896803134,-76.99850857736217
38.85643896803134,-76.99492161384437
38.85643896803134,-76.99133465032656
38.85643896803134,-76.98774768680876
38.85643896803134,-76.98416072329096
38.85643896803134,-76.98057375977315
38.85643896803134,-76.97698679625535
38.85643896803134,-76.97339983273754
38.85643896803134,-76.96981286921974
38.85643896803134,-76.96622590570193
38.85643896803134,-76.96263894218413
38.85643896803134,-76.95905197866632
38.85643896803134,-76.95546501514852
38.85643896803134,-76.95187805163071
38.859226562243094,-77.0236173219868
38.859226562243094,-77.020030358469
38.859226562243094,-77.0164433949512
38.859226562243094,-77.01285643143339
38.859226562243094,-77.00926946791559
38.859226562243094,-77.00568250439778
38.859226562243094,-77.00209554087998
38.859226562243094,-76.99850857736217
38.859226562243094,-76.99492161384437
38.859226562243094,-76.99133465032656
38.859226562243094,-76.98774768680876
38.859226562243094,-76.98416072329096
38.859226562243094,-76.98057375977315
38.859226562243094,-76.97698679625535
38.859226562243094,-76.97339983273754
38.859226562243094,-76.96981286921974
38.859226562243094,-76.96622590570193
38.859226562243094,-76.96263894218413
38.859226562243094,-76.95905197866632
38.859226562243094,-76.95546501514852
38.859226562243094,-76.95187805163071
38.859226562243094,-76.94829108811291
38.86201415645485,-77.0236173219868
38.86201415645485,-77.020030358469
38.86201415645485,-77.0164433949512
38.86201415645485,-77.01285643143339
38.86201415645485,-77.00926946791559
38.86201415645485,-77.00568250439778
38.86201415645485,-77.00209554087998
38.86201415645485,-76.99850857736217
38.86201415645485,-76.99492161384437
38.86201415645485,-76.99133465032656
38.86201415645485,-76.98774768680876
38.86201415645485,-76.98416072329096
38.86201415645485,-76.98057375977315
38.86201415645485,-76.97698679625535
38.86201415645485,-76.97339983273754
38.86201415645485,-76.96981286921974
38.86201415645485,-76.96622590570193
38.86201415645485,-76.96263894218413
38.86201415645485,-76.95905197866632
38.86201415645485,-76.95546501514852
38.86201415645485,-76.95187805163071
38.86201415645485,-76.94829108811291
38.86201415645485,-76.9447041245951
38.8648017506666,-77.020030358469
38.8648017506666,-77.0164433949512
38.8648017506666,-77.01285643143339
38.8648017506666,-77.00926946791559
38.8648017506666,-77.00568250439778
38.8648017506666,-77.00209554087998
38.8648017506666,-76.99850857736217
38.8648017506666,-76.99492161384437
38.8648017506666,-76.99133465032656
38.8648017506666,-76.98774768680876
38.8648017506666,-76.98416072329096
38.8648017506666,-76.98057375977315
38.8648017506666,-76.97698679625535
38.8648017506666,-76.97339983273754
38.8648017506666,-76.96981286921974
38.8648017506666,-76.96622590570193
38.8648017506666,-76.96263894218413
38.8648017506666,-76.95905197866632
38.8648017506666,-76.95546501514852
38.8648017506666,-76.95187805163071
38.8648017506666,-76.94829108811291
38.8648017506666,-76.9447041245951
38.8648017506666,-76.9411171610773
38.867589344878354,-77.020030358469
38.867589344878354,-77.0164433949512
38.867589344878354,-77.01285643143339
38.867589344878354,-77.00926946791559
38.867589344878354,-77.00568250439778
38.867589344878354,-77.00209554087998
38.867589344878354,-76.99850857736217
38.867589344878354,-76.99492161384437
38.867589344878354,-76.99133465032656
38.867589344878354,-76.98774768680876
38.867589344878354,-76.98416072329096
38.867589344878354,-76.98057375977315
38.867589344878354,-76.97698679625535
38.867589344878354,-76.97339983273754
38.867589344878354,-76.96981286921974
38.867589344878354,-76.96622590570193
38.867589344878354,-76.96263894218413
38.867589344878354,-76.95905197866632
38.867589344878354,-76.95546501514852
38.867589344878354,-76.95187805163071
38.867589344878354,-76.94829108811291
38.867589344878354,-76.9447041245951
38.867589344878354,-76.9411171610773
38.867589344878354,-76.9375301975595
38.87037693909011,-77.05231303012924
38.87037693909011,-77.04872606661144
38.87037693909011,-77.04513910309363
38.87037693909011,-77.020030358469
38.87037693909011,-77.0164433949512
38.87037693909011,-77.01285643143339
38.87037693909011,-77.00926946791559
38.87037693909011,-77.00568250439778
38.87037693909011,-77.00209554087998
38.87037693909011,-76.99850857736217
38.87037693909011,-76.99492161384437
38.87037693909011,-76.99133465032656
38.87037693909011,-76.98774768680876
38.87037693909011,-76.98416072329096
38.87037693909011,-76.98057375977315
38.87037693909011,-76.97698679625535
38.87037693909011,-76.97339983273754
38.87037693909011,-76.96981286921974
38.87037693909011,-76.96622590570193
38.87037693909011,-76.96263894218413
38.87037693909011,-76.95905197866632
38.87037693909011,-76.95546501514852
38.87037693909011,-76.95187805163071
38.87037693909011,-76.94829108811291
38.87037693909011,-76.9447041245951
38.87037693909011,-76.9411171610773
38.87037693909011,-76.9375301975595
38.87037693909011,-76.93394323404169
38.87316453330186,-77.05231303012924
38.87316453330186,-77.04872606661144
38.87316453330186,-77.04513910309363
38.87316453330186,-77.03437821254022
38.87316453330186,-77.03079124902241
38.87316453330186,-77.02720428550461
38.87316453330186,-77.0236173219868
38.87316453330186,-77.020030358469
38.87316453330186,-77.0164433949512
38.87316453330186,-77.01285643143339
38.87316453330186,-77.00926946791559
38.87316453330186,-77.00568250439778
38.87316453330186,-77.00209554087998
38.87316453330186,-76.99850857736217
38.87316453330186,-76.99492161384437
38.87316453330186,-76.99133465032656
38.87316453330186,-76.98774768680876
38.87316453330186,-76.98416072329096
38.87316453330186,-76.98057375977315
38.87316453330186,-76.97698679625535
38.87316453330186,-76.97339983273754
38.87316453330186,-76.96981286921974
38.87316453330186,-76.96622590570193
38.87316453330186,-76.96263894218413
38.87316453330186,-76.95905197866632
38.87316453330186,-76.95546501514852
38.87316453330186,-76.95187805163071
38.87316453330186,-76.94829108811291
38.87316453330186,-76.9447041245951
38.87316453330186,-76.9411171610773
38.87316453330186,-76.9375301975595
38.87316453330186,-76.93394323404169
38.87316453330186,-76.93035627052389
38.875952127513614,-77.05231303012924
38.875952127513614,-77.04872606661144
38.875952127513614,-77.04513910309363
38.875952127513614,-77.03796517605802
38.875952127513614,-77.03437821254022
38.875952127513614,-77.03079124902241
38.875952127513614,-77.02720428550461
38.875952127513614,-77.0236173219868
38.875952127513614,-77.020030358469
38.875952127513614,-77.0164433949512
38.875952127513614,-77.01285643143339
38.875952127513614,-77.00926946791559
38.875952127513614,-77.00568250439778
38.875952127513614,-77.00209554087998
38.875952127513614,-76.99850857736217
38.875952127513614,-76.99492161384437
38.875952127513614,-76.99133465032656
38.875952127513614,-76.98774768680876
38.875952127513614,-76.98416072329096
38.875952127513614,-76.98057375977315
38.875952127513614,-76.97698679625535
38.875952127513614,-76.97339983273754
38.875952127513614,-76.96981286921974
38.875952127513614,-76.96622590570193
38.875952127513614,-76.96263894218413
38.875952127513614,-76.95905197866632
38.875952127513614,-76.95546501514852
38.875952127513614,-76.95187805163071
38.875952127513614,-76.9447041245951
38.875952127513614,-76.9411171610773
38.875952127513614,-76.9375301975595
38.875952127513614,-76.93394323404169
38.875952127513614,-76.93035627052389
38.875952127513614,-76.92676930700608
38.87873972172537,-77.05231303012924
38.87873972172537,-77.04872606661144
38.87873972172537,-77.03796517605802
38.87873972172537,-77.03437821254022
38.87873972172537,-77.03079124902241
38.87873972172537,-77.02720428550461
38.87873972172537,-77.0236173219868
38.87873972172537,-77.020030358469
38.87873972172537,-77.0164433949512
38.87873972172537,-77.01285643143339
38.87873972172537,-77.00926946791559
38.87873972172537,-77.00568250439778
38.87873972172537,-77.00209554087998
38.87873972172537,-76.99850857736217
38.87873972172537,-76.99492161384437
38.87873972172537,-76.99133465032656
38.87873972172537,-76.98774768680876
38.87873972172537,-76.98416072329096
38.87873972172537,-76.98057375977315
38.87873972172537,-76.97698679625535
38.87873972172537,-76.97339983273754
38.87873972172537,-76.96981286921974
38.87873972172537,-76.96622590570193
38.87873972172537,-76.96263894218413
38.87873972172537,-76.95905197866632
38.87873972172537,-76.95546501514852
38.87873972172537,-76.94829108811291
38.87873972172537,-76.9447041245951
38.87873972172537,-76.9411171610773
38.87873972172537,-76.9375301975595
38.87873972172537,-76.93394323404169
38.87873972172537,-76.93035627052389
38.87873972172537,-76.92676930700608
38.87873972172537,-76.92318234348828
38.88152731593712,-77.04513910309363
38.88152731593712,-77.04155213957583
38.88152731593712,-77.03796517605802
38.88152731593712,-77.03437821254022
38.88152731593712,-77.03079124902241
38.88152731593712,-77.02720428550461
38.88152731593712,-77.0236173219868
38.88152731593712,-77.020030358469
38.88152731593712,-77.0164433949512
38.88152731593712,-77.01285643143339
38.88152731593712,-77.00926946791559
38.88152731593712,-77.00568250439778
38.88152731593712,-77.00209554087998
38.88152731593712,-76.99850857736217
38.88152731593712,-76.99492161384437
38.88152731593712,-76.99133465032656
38.88152731593712,-76.98774768680876
38.88152731593712,-76.98416072329096
38.88152731593712,-76.98057375977315
38.88152731593712,-76.97698679625535
38.88152731593712,-76.97339983273754
38.88152731593712,-76.96981286921974
38.88152731593712,-76.96622590570193
38.88152731593712,-76.96263894218413
38.88152731593712,-76.95905197866632
38.88152731593712,-76.95546501514852
38.88152731593712,-76.95187805163071
38.88152731593712,-76.94829108811291
38.88152731593712,-76.9447041245951
38.88152731593712,-76.9411171610773
38.88152731593712,-76.9375301975595
38.88152731593712,-76.93394323404169
38.88152731593712,-76.93035627052389
38.88152731593712,-76.92676930700608
38.88152731593712,-76.92318234348828
38.88152731593712,-76.91959537997047
38.88431491014887,-77.04872606661144
38.88431491014887,-77.04513910309363
38.88431491014887,-77.04155213957583
38.88431491014887,-77.03437821254022
38.88431491014887,-77.03079124902241
38.88431491014887,-77.02720428550461
38.88431491014887,-77.0236173219868
38.88431491014887,-77.020030358469
38.88431491014887,-77.0164433949512
38.88431491014887,-77.01285643143339
38.88431491014887,-77.00926946791559
38.88431491014887,-77.00568250439778
38.88431491014887,-77.00209554087998
38.88431491014887,-76.99850857736217
38.88431491014887,-76.99492161384437
38.88431491014887,-76.99133465032656
38.88431491014887,-76.98774768680876
38.88431491014887,-76.98416072329096
38.88431491014887,-76.98057375977315
38.88431491014887,-76.97698679625535
38.88431491014887,-76.97339983273754
38.88431491014887,-76.96981286921974
38.88431491014887,-76.96622590570193
38.88431491014887,-76.96263894218413
38.88431491014887,-76.95905197866632
38.88431491014887,-76.95546501514852
38.88431491014887,-76.95187805163071
38.88431491014887,-76.94829108811291
38.88431491014887,-76.9447041245951
38.88431491014887,-76.9411171610773
38.88431491014887,-76.9375301975595
38.88431491014887,-76.93394323404169
38.88431491014887,-76.93035627052389
38.88431491014887,-76.92676930700608
38.88431491014887,-76.92318234348828
38.88431491014887,-76.91959537997047
38.88431491014887,-76.91600841645267
38.88710250436063,-77.05231303012924
38.88710250436063,-77.04872606661144
38.88710250436063,-77.04513910309363
38.88710250436063,-77.04155213957583
38.88710250436063,-77.03796517605802
38.88710250436063,-77.03437821254022
38.88710250436063,-77.03079124902241
38.88710250436063,-77.02720428550461
38.88710250436063,-77.0236173219868
38.88710250436063,-77.020030358469
38.88710250436063,-77.0164433949512
38.88710250436063,-77.01285643143339
38.88710250436063,-77.00926946791559
38.88710250436063,-77.00568250439778
38.88710250436063,-77.00209554087998
38.88710250436063,-76.99850857736217
38.88710250436063,-76.99492161384437
38.88710250436063,-76.99133465032656
38.88710250436063,-76.98774768680876
38.88710250436063,-76.98416072329096
38.88710250436063,-76.98057375977315
38.88710250436063,-76.97698679625535
38.88710250436063,-76.97339983273754
38.88710250436063,-76.96981286921974
38.88710250436063,-76.96263894218413
38.88710250436063,-76.95905197866632
38.88710250436063,-76.95546501514852
38.88710250436063,-76.95187805163071
38.88710250436063,-76.94829108811291
38.88710250436063,-76.9447041245951
38.88710250436063,-76.9411171610773
38.88710250436063,-76.9375301975595
38.88710250436063,-76.93394323404169
38.88710250436063,-76.93035627052389
38.88710250436063,-76.92676930700608
38.88710250436063,-76.92318234348828
38.88710250436063,-76.91959537997047
38.88710250436063,-76.91600841645267
38.88710250436063,-76.91242145293486
38.88989009857238,-77.05231303012924
38.88989009857238,-77.04872606661144
38.88989009857238,-77.04513910309363
38.88989009857238,-77.04155213957583
38.88989009857238,-77.03796517605802
38.88989009857238,-77.03437821254022
38.88989009857238,-77.03079124902241
38.88989009857238,-77.02720428550461
38.88989009857238,-77.0236173219868
38.88989009857238,-77.020030358469
38.88989009857238,-77.0164433949512
38.88989009857238,-77.01285643143339
38.88989009857238,-77.00926946791559
38.88989009857238,-77.00568250439778
38.88989009857238,-77.00209554087998
38.88989009857238,-76.99850857736217
38.88989009857238,-76.99492161384437
38.88989009857238,-76.99133465032656
38.88989009857238,-76.98774768680876
38.88989009857238,-76.98416072329096
38.88989009857238,-76.98057375977315
38.88989009857238,-76.97698679625535
38.88989009857238,-76.97339983273754
38.88989009857238,-76.96981286921974
38.88989009857238,-76.96263894218413
38.88989009857238,-76.95905197866632
38.88989009857238,-76.95546501514852
38.88989009857238,-76.95187805163071
38.88989009857238,-76.94829108811291
38.88989009857238,-76.9447041245951
38.88989009857238,-76.9411171610773
38.88989009857238,-76.9375301975595
38.88989009857238,-76.93394323404169
38.88989009857238,-76.93035627052389
38.88989009857238,-76.92676930700608
38.88989009857238,-76.92318234348828
38.88989009857238,-76.91959537997047
38.88989009857238,-76.91600841645267
38.88989009857238,-76.91242145293486
38.89267769278413,-77.05231303012924
38.89267769278413,-77.04872606661144
38.89267769278413,-77.04513910309363
38.89267769278413,-77.04155213957583
38.89267769278413,-77.03796517605802
38.89267769278413,-77.03437821254022
38.89267769278413,-77.03079124902241
38.89267769278413,-77.02720428550461
38.89267769278413,-77.0236173219868
38.89267769278413,-77.020030358469
38.89267769278413,-77.0164433949512
38.89267769278413,-77.01285643143339
38.89267769278413,-77.00926946791559
38.89267769278413,-77.00568250439778
38.89267769278413,-77.00209554087998
38.89267769278413,-76.99850857736217
38.89267769278413,-76.99492161384437
38.89267769278413,-76.99133465032656
38.89267769278413,-76.98774768680876
38.89267769278413,-76.98416072329096
38.89267769278413,-76.98057375977315
38.89267769278413,-76.97698679625535
38.89267769278413,-76.97339983273754
38.89267769278413,-76.96981286921974
38.89267769278413,-76.96263894218413
38.89267769278413,-76.95905197866632
38.89267769278413,-76.95546501514852
38.89267769278413,-76.95187805163071
38.89267769278413,-76.94829108811291
38.89267769278413,-76.9447041245951
38.89267769278413,-76.9411171610773
38.89267769278413,-76.9375301975595
38.89267769278413,-76.93394323404169
38.89267769278413,-76.93035627052389
38.89267769278413,-76.92676930700608
38.89267769278413,-76.92318234348828
38.89267769278413,-76.91959537997047
38.89267769278413,-76.91600841645267
38.89267769278413,-76.91242145293486
38.895465286995886,-77.06666088420046
38.895465286995886,-77.06307392068265
38.895465286995886,-77.05589999364705
38.895465286995886,-77.05231303012924
38.895465286995886,-77.04872606661144
38.895465286995886,-77.04513910309363
38.895465286995886,-77.04155213957583
38.895465286995886,-77.03796517605802
38.895465286995886,-77.03437821254022
38.895465286995886,-77.03079124902241
38.895465286995886,-77.02720428550461
38.895465286995886,-77.0236173219868
38.895465286995886,-77.020030358469
38.895465286995886,-77.0164433949512
38.895465286995886,-77.01285643143339
38.895465286995886,-77.00926946791559
38.895465286995886,-77.00568250439778
38.895465286995886,-77.00209554087998
38.895465286995886,-76.99850857736217
38.895465286995886,-76.99492161384437
38.895465286995886,-76.99133465032656
38.895465286995886,-76.98774768680876
38.895465286995886,-76.98416072329096
38.895465286995886,-76.98057375977315
38.895465286995886,-76.97698679625535
38.895465286995886,-76.97339983273754
38.895465286995886,-76.96981286921974
38.895465286995886,-76.96622590570193
38.895465286995886,-76.96263894218413
38.895465286995886,-76.95905197866632
38.895465286995886,-76.95546501514852
38.895465286995886,-76.95187805163071
38.895465286995886,-76.94829108811291
38.895465286995886,-76.9447041245951
38.895465286995886,-76.9411171610773
38.895465286995886,-76.9375301975595
38.895465286995886,-76.93394323404169
38.895465286995886,-76.93035627052389
38.895465286995886,-76.92676930700608
38.895465286995886,-76.92318234348828
38.895465286995886,-76.91959537997047
38.895465286995886,-76.91600841645267
38.895465286995886,-76.91242145293486
38.89825288120764,-77.06666088420046
38.89825288120764,-77.06307392068265
38.89825288120764,-77.05948695716485
38.89825288120764,-77.05589999364705
38.89825288120764,-77.05231303012924
38.89825288120764,-77.04872606661144
38.89825288120764,-77.04513910309363
38.89825288120764,-77.04155213957583
38.89825288120764,-77.03796517605802
38.89825288120764,-77.03437821254022
38.89825288120764,-77.03079124902241
38.89825288120764,-77.02720428550461
38.89825288120764,-77.0236173219868
38.89825288120764,-77.020030358469
38.89825288120764,-77.0164433949512
38.89825288120764,-77.01285643143339
38.89825288120764,-77.00926946791559
38.89825288120764,-77.00568250439778
38.89825288120764,-77.00209554087998
38.89825288120764,-76.99850857736217
38.89825288120764,-76.99492161384437
38.89825288120764,-76.99133465032656
38.89825288120764,-76.98774768680876
38.89825288120764,-76.98416072329096
38.89825288120764,-76.98057375977315
38.89825288120764,-76.97698679625535
38.89825288120764,-76.97339983273754
38.89825288120764,-76.96981286921974
38.89825288120764,-76.96622590570193
38.89825288120764,-76.96263894218413
38.89825288120764,-76.95905197866632
38.89825288120764,-76.95546501514852
38.89825288120764,-76.95187805163071
38.89825288120764,-76.94829108811291
38.89825288120764,-76.9447041245951
38.89825288120764,-76.9411171610773
38.89825288120764,-76.9375301975595
38.89825288120764,-76.93394323404169
38.89825288120764,-76.93035627052389
38.89825288120764,-76.92676930700608
38.89825288120764,-76.92318234348828
38.89825288120764,-76.91959537997047
38.89825288120764,-76.91600841645267
38.89825288120764,-76.91242145293486
38.90104047541939,-77.07024784771826
38.90104047541939,-77.06666088420046
38.90104047541939,-77.06307392068265
38.90104047541939,-77.05948695716485
38.90104047541939,-77.05589999364705
38.90104047541939,-77.05231303012924
38.90104047541939,-77.04872606661144
38.90104047541939,-77.04513910309363
38.90104047541939,-77.04155213957583
38.90104047541939,-77.03796517605802
38.90104047541939,-77.03437821254022
38.90104047541939,-77.03079124902241
38.90104047541939,-77.02720428550461
38.90104047541939,-77.0236173219868
38.90104047541939,-77.020030358469
38.90104047541939,-77.0164433949512
38.90104047541939,-77.01285643143339
38.90104047541939,-77.00926946791559
38.90104047541939,-77.00568250439778
38.90104047541939,-77.00209554087998
38.90104047541939,-76.99850857736217
38.90104047541939,-76.99492161384437
38.90104047541939,-76.99133465032656
38.90104047541939,-76.98774768680876
38.90104047541939,-76.98416072329096
38.90104047541939,-76.98057375977315
38.90104047541939,-76.97698679625535
38.90104047541939,-76.97339983273754
38.90104047541939,-76.96981286921974
38.90104047541939,-76.96622590570193
38.90104047541939,-76.96263894218413
38.90104047541939,-76.95905197866632
38.90104047541939,-76.95546501514852
38.90104047541939,-76.95187805163071
38.90104047541939,-76.94829108811291
38.90104047541939,-76.9447041245951
38.90104047541939,-76.9411171610773
38.90104047541939,-76.9375301975595
38.90104047541939,-76.93394323404169
38.90104047541939,-76.93035627052389
38.90104047541939,-76.92676930700608
38.90104047541939,-76.92318234348828
38.90104047541939,-76.91959537997047
38.90104047541939,-76.91600841645267
38.903828069631146,-77.08459570178948
38.903828069631146,-77.08100873827168
38.903828069631146,-77.07742177475387
38.903828069631146,-77.07383481123607
38.903828069631146,-77.07024784771826
38.903828069631146,-77.06666088420046
38.903828069631146,-77.06307392068265
38.903828069631146,-77.05948695716485
38.903828069631146,-77.05589999364705
38.903828069631146,-77.05231303012924
38.903828069631146,-77.04872606661144
38.903828069631146,-77.04513910309363
38.903828069631146,-77.04155213957583
38.903828069631146,-77.03796517605802
38.903828069631146,-77.03437821254022
38.903828069631146,-77.03079124902241
38.903828069631146,-77.02720428550461
38.903828069631146,-77.0236173219868
38.903828069631146,-77.020030358469
38.903828069631146,-77.0164433949512
38.903828069631146,-77.01285643143339
38.903828069631146,-77.00926946791559
38.903828069631146,-77.00568250439778
38.903828069631146,-77.00209554087998
38.903828069631146,-76.99850857736217
38.903828069631146,-76.99492161384437
38.903828069631146,-76.99133465032656
38.903828069631146,-76.98774768680876
38.903828069631146,-76.98416072329096
38.903828069631146,-76.98057375977315
38.903828069631146,-76.97698679625535
38.903828069631146,-76.97339983273754
38.903828069631146,-76.96981286921974
38.903828069631146,-76.96622590570193
38.903828069631146,-76.95187805163071
38.903828069631146,-76.94829108811291
38.903828069631146,-76.9447041245951
38.903828069631146,-76.9411171610773
38.903828069631146,-76.9375301975595
38.903828069631146,-76.93394323404169
38.903828069631146,-76.93035627052389
38.903828069631146,-76.92676930700608
38.903828069631146,-76.92318234348828
38.903828069631146,-76.91959537997047
38.9066156638429,-77.09176962882509
38.9066156638429,-77.08818266530729
38.9066156638429,-77.08459570178948
38.9066156638429,-77.08100873827168
38.9066156638429,-77.07742177475387
38.9066156638429,-77.07383481123607
38.9066156638429,-77.07024784771826
38.9066156638429,-77.06666088420046
38.9066156638429,-77.06307392068265
38.9066156638429,-77.05948695716485
38.9066156638429,-77.05589999364705
38.9066156638429,-77.05231303012924
38.9066156638429,-77.04872606661144
38.9066156638429,-77.04513910309363
38.9066156638429,-77.04155213957583
38.9066156638429,-77.03796517605802
38.9066156638429,-77.03437821254022
38.9066156638429,-77.03079124902241
38.9066156638429,-77.02720428550461
38.9066156638429,-77.0236173219868
38.9066156638429,-77.020030358469
38.9066156638429,-77.0164433949512
38.9066156638429,-77.01285643143339
38.9066156638429,-77.00926946791559
38.9066156638429,-77.00568250439778
38.9066156638429,-77.00209554087998
38.9066156638429,-76.99850857736217
38.9066156638429,-76.99492161384437
38.9066156638429,-76.99133465032656
38.9066156638429,-76.98774768680876
38.9066156638429,-76.98416072329096
38.9066156638429,-76.98057375977315
38.9066156638429,-76.97698679625535
38.9066156638429,-76.97339983273754
38.9066156638429,-76.96981286921974
38.9066156638429,-76.96622590570193
38.9066156638429,-76.96263894218413
38.9066156638429,-76.95187805163071
38.9066156638429,-76.94829108811291
38.9066156638429,-76.9447041245951
38.9066156638429,-76.9411171610773
38.9066156638429,-76.9375301975595
38.9066156638429,-76.93394323404169
38.9066156638429,-76.93035627052389
38.9066156638429,-76.92676930700608
38.9066156638429,-76.92318234348828
38.90940325805465,-77.09176962882509
38.90940325805465,-77.08818266530729
38.90940325805465,-77.08459570178948
38.90940325805465,-77.08100873827168
38.90940325805465,-77.07742177475387
38.90940325805465,-77.07383481123607
38.90940325805465,-77.07024784771826
38.90940325805465,-77.06666088420046
38.90940325805465,-77.06307392068265
38.90940325805465,-77.05948695716485
38.90940325805465,-77.05589999364705
38.90940325805465,-77.05231303012924
38.90940325805465,-77.04872606661144
38.90940325805465,-77.04513910309363
38.90940325805465,-77.04155213957583
38.90940325805465,-77.03796517605802
38.90940325805465,-77.03437821254022
38.90940325805465,-77.03079124902241
38.90940325805465,-77.02720428550461
38.90940325805465,-77.0236173219868
38.90940325805465,-77.020030358469
38.90940325805465,-77.0164433949512
38.90940325805465,-77.01285643143339
38.90940325805465,-77.00926946791559
38.90940325805465,-77.00568250439778
38.90940325805465,-77.00209554087998
38.90940325805465,-76.99850857736217
38.90940325805465,-76.99492161384437
38.90940325805465,-76.99133465032656
38.90940325805465,-76.98774768680876
38.90940325805465,-76.98416072329096
38.90940325805465,-76.98057375977315
38.90940325805465,-76.97698679625535
38.90940325805465,-76.97339983273754
38.90940325805465,-76.96981286921974
38.90940325805465,-76.96622590570193
38.90940325805465,-76.96263894218413
38.90940325805465,-76.95187805163071
38.90940325805465,-76.94829108811291
38.90940325805465,-76.9447041245951
38.90940325805465,-76.9411171610773
38.90940325805465,-76.9375301975595
38.90940325805465,-76.93394323404169
38.90940325805465,-76.93035627052389
38.90940325805465,-76.92676930700608
38.912190852266406,-77.0989435558607
38.912190852266406,-77.0953565923429
38.912190852266406,-77.09176962882509
38.912190852266406,-77.08818266530729
38.912190852266406,-77.08459570178948
38.912190852266406,-77.08100873827168
38.912190852266406,-77.07742177475387
38.912190852266406,-77.07383481123607
38.912190852266406,-77.07024784771826
38.912190852266406,-77.06666088420046
38.912190852266406,-77.06307392068265
38.912190852266406,-77.05948695716485
38.912190852266406,-77.05589999364705
38.912190852266406,-77.05231303012924
38.912190852266406,-77.04872606661144
38.912190852266406,-77.04513910309363
38.912190852266406,-77.04155213957583
38.912190852266406,-77.03796517605802
38.912190852266406,-77.03437821254022
38.912190852266406,-77.03079124902241
38.912190852266406,-77.02720428550461
38.912190852266406,-77.0236173219868
38.912190852266406,-77.020030358469
38.912190852266406,-77.0164433949512
38.912190852266406,-77.01285643143339
38.912190852266406,-77.00926946791559
38.912190852266406,-77.00568250439778
38.912190852266406,-77.00209554087998
38.912190852266406,-76.99850857736217
38.912190852266406,-76.99492161384437
38.912190852266406,-76.99133465032656
38.912190852266406,-76.98774768680876
38.912190852266406,-76.98416072329096
38.912190852266406,-76.98057375977315
38.912190852266406,-76.97698679625535
38.912190852266406,-76.97339983273754
38.912190852266406,-76.96981286921974
38.912190852266406,-76.96622590570193
38.912190852266406,-76.9447041245951
38.912190852266406,-76.9411171610773
38.912190852266406,-76.9375301975595
38.912190852266406,-76.93394323404169
38.912190852266406,-76.93035627052389
38.91497844647816,-77.0989435558607
38.91497844647816,-77.0953565923429
38.91497844647816,-77.09176962882509
38.91497844647816,-77.08818266530729
38.91497844647816,-77.08459570178948
38.91497844647816,-77.08100873827168
38.91497844647816,-77.07742177475387
38.91497844647816,-77.07383481123607
38.91497844647816,-77.07024784771826
38.91497844647816,-77.06666088420046
38.91497844647816,-77.06307392068265
38.91497844647816,-77.05948695716485
38.91497844647816,-77.05589999364705
38.91497844647816,-77.05231303012924
38.91497844647816,-77.04872606661144
38.91497844647816,-77.04513910309363
38.91497844647816,-77.04155213957583
38.91497844647816,-77.03796517605802
38.91497844647816,-77.03437821254022
38.91497844647816,-77.03079124902241
38.91497844647816,-77.02720428550461
38.91497844647816,-77.0236173219868
38.91497844647816,-77.020030358469
38.91497844647816,-77.0164433949512
38.91497844647816,-77.01285643143339
38.91497844647816,-77.00926946791559
38.91497844647816,-77.00568250439778
38.91497844647816,-77.00209554087998
38.91497844647816,-76.99850857736217
38.91497844647816,-76.99492161384437
38.91497844647816,-76.99133465032656
38.91497844647816,-76.98774768680876
38.91497844647816,-76.98416072329096
38.91497844647816,-76.98057375977315
38.91497844647816,-76.97698679625535
38.91497844647816,-76.97339983273754
38.91497844647816,-76.96981286921974
38.91497844647816,-76.96622590570193
38.91497844647816,-76.96263894218413
38.91497844647816,-76.95905197866632
38.91497844647816,-76.95546501514852
38.91497844647816,-76.9447041245951
38.91497844647816,-76.9411171610773
38.91497844647816,-76.9375301975595
38.91497844647816,-76.93394323404169
38.91776604068991,-77.1025305193785
38.91776604068991,-77.0989435558607
38.91776604068991,-77.0953565923429
38.91776604068991,-77.09176962882509
38.91776604068991,-77.08818266530729
38.91776604068991,-77.08459570178948
38.91776604068991,-77.08100873827168
38.91776604068991,-77.07742177475387
38.91776604068991,-77.07383481123607
38.91776604068991,-77.07024784771826
38.91776604068991,-77.06666088420046
38.91776604068991,-77.06307392068265
38.91776604068991,-77.05948695716485
38.91776604068991,-77.05589999364705
38.91776604068991,-77.05231303012924
38.91776604068991,-77.04872606661144
38.91776604068991,-77.04513910309363
38.91776604068991,-77.04155213957583
38.91776604068991,-77.03796517605802
38.91776604068991,-77.03437821254022
38.91776604068991,-77.03079124902241
38.91776604068991,-77.02720428550461
38.91776604068991,-77.0236173219868
38.91776604068991,-77.020030358469
38.91776604068991,-77.0164433949512
38.91776604068991,-77.01285643143339
38.91776604068991,-77.00926946791559
38.91776604068991,-77.00568250439778
38.91776604068991,-77.00209554087998
38.91776604068991,-76.99850857736217
38.91776604068991,-76.99492161384437
38.91776604068991,-76.99133465032656
38.91776604068991,-76.98774768680876
38.91776604068991,-76.98416072329096
38.91776604068991,-76.98057375977315
38.91776604068991,-76.97698679625535
38.91776604068991,-76.97339983273754
38.91776604068991,-76.96981286921974
38.91776604068991,-76.96622590570193
38.91776604068991,-76.96263894218413
38.91776604068991,-76.95905197866632
38.91776604068991,-76.95546501514852
38.91776604068991,-76.9411171610773
38.91776604068991,-76.9375301975595
38.920553634901665,-77.10611748289631
38.920553634901665,-77.1025305193785
38.920553634901665,-77.0989435558607
38.920553634901665,-77.0953565923429
38.920553634901665,-77.09176962882509
38.920553634901665,-77.08818266530729
38.920553634901665,-77.08459570178948
38.920553634901665,-77.08100873827168
38.920553634901665,-77.07742177475387
38.920553634901665,-77.07383481123607
38.920553634901665,-77.07024784771826
38.920553634901665,-77.06666088420046
38.920553634901665,-77.06307392068265
38.920553634901665,-77.05948695716485
38.920553634901665,-77.05589999364705
38.920553634901665,-77.05231303012924
38.920553634901665,-77.04872606661144
38.920553634901665,-77.04513910309363
38.920553634901665,-77.04155213957583
38.920553634901665,-77.03796517605802
38.920553634901665,-77.03437821254022
38.920553634901665,-77.03079124902241
38.920553634901665,-77.02720428550461
38.920553634901665,-77.0236173219868
38.920553634901665,-77.020030358469
38.920553634901665,-77.0164433949512
38.920553634901665,-77.01285643143339
38.920553634901665,-77.00926946791559
38.920553634901665,-77.00568250439778
38.920553634901665,-77.00209554087998
38.920553634901665,-76.99850857736217
38.920553634901665,-76.99492161384437
38.920553634901665,-76.99133465032656
38.920553634901665,-76.98774768680876
38.920553634901665,-76.98416072329096
38.920553634901665,-76.98057375977315
38.920553634901665,-76.97698679625535
38.920553634901665,-76.97339983273754
38.920553634901665,-76.96981286921974
38.920553634901665,-76.96622590570193
38.920553634901665,-76.96263894218413
38.920553634901665,-76.95905197866632
38.920553634901665,-76.95546501514852
38.920553634901665,-76.94829108811291
38.92334122911342,-77.10611748289631
38.92334122911342,-77.1025305193785
38.92334122911342,-77.0989435558607
38.92334122911342,-77.0953565923429
38.92334122911342,-77.09176962882509
38.92334122911342,-77.08818266530729
38.92334122911342,-77.08459570178948
38.92334122911342,-77.08100873827168
38.92334122911342,-77.07742177475387
38.92334122911342,-77.07383481123607
38.92334122911342,-77.07024784771826
38.92334122911342,-77.06666088420046
38.92334122911342,-77.06307392068265
38.92334122911342,-77.05948695716485
38.92334122911342,-77.05589999364705
38.92334122911342,-77.05231303012924
38.92334122911342,-77.04872606661144
38.92334122911342,-77.04513910309363
38.92334122911342,-77.04155213957583
38.92334122911342,-77.03796517605802
38.92334122911342,-77.03437821254022
38.92334122911342,-77.03079124902241
38.92334122911342,-77.02720428550461
38.92334122911342,-77.0236173219868
38.92334122911342,-77.020030358469
38.92334122911342,-77.0164433949512
38.92334122911342,-77.01285643143339
38.92334122911342,-77.00926946791559
38.92334122911342,-77.00568250439778
38.92334122911342,-77.00209554087998
38.92334122911342,-76.99850857736217
38.92334122911342,-76.99492161384437
38.92334122911342,-76.99133465032656
38.92334122911342,-76.98774768680876
38.92334122911342,-76.98416072329096
38.92334122911342,-76.98057375977315
38.92334122911342,-76.97698679625535
38.92334122911342,-76.97339983273754
38.92334122911342,-76.96981286921974
38.92334122911342,-76.96622590570193
38.92334122911342,-76.96263894218413
38.92334122911342,-76.95905197866632
38.92334122911342,-76.95546501514852
38.92334122911342,-76.94829108811291
38.92612882332517,-77.10970444641411
38.92612882332517,-77.10611748289631
38.92612882332517,-77.1025305193785
38.92612882332517,-77.0989435558607
38.92612882332517,-77.0953565923429
38.92612882332517,-77.09176962882509
38.92612882332517,-77.08818266530729
38.92612882332517,-77.08459570178948
38.92612882332517,-77.08100873827168
38.92612882332517,-77.07742177475387
38.92612882332517,-77.07383481123607
38.92612882332517,-77.07024784771826
38.92612882332517,-77.06666088420046
38.92612882332517,-77.06307392068265
38.92612882332517,-77.05948695716485
38.92612882332517,-77.05589999364705
38.92612882332517,-77.05231303012924
38.92612882332517,-77.04872606661144
38.92612882332517,-77.04513910309363
38.92612882332517,-77.04155213957583
38.92612882332517,-77.03796517605802
38.92612882332517,-77.03437821254022
38.92612882332517,-77.03079124902241
38.92612882332517,-77.02720428550461
38.92612882332517,-77.0236173219868
38.92612882332517,-77.020030358469
38.92612882332517,-77.0164433949512
38.92612882332517,-77.01285643143339
38.92612882332517,-77.00926946791559
38.92612882332517,-77.00568250439778
38.92612882332517,-77.00209554087998
38.92612882332517,-76.99850857736217
38.92612882332517,-76.99492161384437
38.92612882332517,-76.99133465032656
38.92612882332517,-76.98774768680876
38.92612882332517,-76.98416072329096
38.92612882332517,-76.98057375977315
38.92612882332517,-76.97698679625535
38.92612882332517,-76.97339983273754
38.92612882332517,-76.96981286921974
38.92612882332517,-76.96622590570193
38.92612882332517,-76.96263894218413
38.92612882332517,-76.95905197866632
38.92612882332517,-76.95546501514852
38.92612882332517,-76.95187805163071
38.928916417536925,-77.11329140993192
38.928916417536925,-77.10970444641411
38.928916417536925,-77.10611748289631
38.928916417536925,-77.1025305193785
38.928916417536925,-77.0989435558607
38.928916417536925,-77.0953565923429
38.928916417536925,-77.09176962882509
38.928916417536925,-77.08818266530729
38.928916417536925,-77.08459570178948
38.928916417536925,-77.08100873827168
38.928916417536925,-77.07742177475387
38.928916417536925,-77.07383481123607
38.928916417536925,-77.07024784771826
38.928916417536925,-77.06666088420046
38.928916417536925,-77.06307392068265
38.928916417536925,-77.05948695716485
38.928916417536925,-77.05589999364705
38.928916417536925,-77.05231303012924
38.928916417536925,-77.04872606661144
38.928916417536925,-77.04513910309363
38.928916417536925,-77.04155213957583
38.928916417536925,-77.03796517605802
38.928916417536925,-77.03437821254022
38.928916417536925,-77.03079124902241
38.928916417536925,-77.02720428550461
38.928916417536925,-77.0236173219868
38.928916417536925,-77.020030358469
38.928916417536925,-77.0164433949512
38.928916417536925,-77.01285643143339
38.928916417536925,-77.00926946791559
38.928916417536925,-77.00568250439778
38.928916417536925,-77.00209554087998
38.928916417536925,-76.99850857736217
38.928916417536925,-76.99492161384437
38.928916417536925,-76.99133465032656
38.928916417536925,-76.98774768680876
38.928916417536925,-76.98416072329096
38.928916417536925,-76.98057375977315
38.928916417536925,-76.97698679625535
38.928916417536925,-76.97339983273754
38.928916417536925,-76.96981286921974
38.928916417536925,-76.96622590570193
38.928916417536925,-76.96263894218413
38.928916417536925,-76.95905197866632
38.928916417536925,-76.95546501514852
38.928916417536925,-76.95187805163071
38.93170401174868,-77.11329140993192
38.93170401174868,-77.10970444641411
38.93170401174868,-77.10611748289631
38.93170401174868,-77.1025305193785
38.93170401174868,-77.0989435558607
38.93170401174868,-77.0953565923429
38.93170401174868,-77.09176962882509
38.93170401174868,-77.08818266530729
38.93170401174868,-77.08459570178948
38.93170401174868,-77.08100873827168
38.93170401174868,-77.07742177475387
38.93170401174868,-77.07383481123607
38.93170401174868,-77.07024784771826
38.93170401174868,-77.06666088420046
38.93170401174868,-77.06307392068265
38.93170401174868,-77.05948695716485
38.93170401174868,-77.05589999364705
38.93170401174868,-77.05231303012924
38.93170401174868,-77.04872606661144
38.93170401174868,-77.04513910309363
38.93170401174868,-77.04155213957583
38.93170401174868,-77.03796517605802
38.93170401174868,-77.03437821254022
38.93170401174868,-77.03079124902241
38.93170401174868,-77.02720428550461
38.93170401174868,-77.0236173219868
38.93170401174868,-77.020030358469
38.93170401174868,-77.0164433949512
38.93170401174868,-77.01285643143339
38.93170401174868,-77.00926946791559
38.93170401174868,-77.00568250439778
38.93170401174868,-77.00209554087998
38.93170401174868,-76.99850857736217
38.93170401174868,-76.99492161384437
38.93170401174868,-76.99133465032656
38.93170401174868,-76.98774768680876
38.93170401174868,-76.98416072329096
38.93170401174868,-76.98057375977315
38.93170401174868,-76.97698679625535
38.93170401174868,-76.97339983273754
38.93170401174868,-76.96981286921974
38.93170401174868,-76.96622590570193
38.93170401174868,-76.96263894218413
38.93170401174868,-76.95905197866632
38.93170401174868,-76.95546501514852
38.93449160596043,-77.11329140993192
38.93449160596043,-77.10970444641411
38.93449160596043,-77.10611748289631
38.93449160596043,-77.1025305193785
38.93449160596043,-77.0989435558607
38.93449160596043,-77.0953565923429
38.93449160596043,-77.09176962882509
38.93449160596043,-77.08818266530729
38.93449160596043,-77.08459570178948
38.93449160596043,-77.08100873827168
38.93449160596043,-77.07742177475387
38.93449160596043,-77.07383481123607
38.93449160596043,-77.07024784771826
38.93449160596043,-77.06666088420046
38.93449160596043,-77.06307392068265
38.93449160596043,-77.05948695716485
38.93449160596043,-77.05589999364705
38.93449160596043,-77.05231303012924
38.93449160596043,-77.04872606661144
38.93449160596043,-77.04513910309363
38.93449160596043,-77.04155213957583
38.93449160596043,-77.03796517605802
38.93449160596043,-77.03437821254022
38.93449160596043,-77.03079124902241
38.93449160596043,-77.02720428550461
38.93449160596043,-77.0236173219868
38.93449160596043,-77.020030358469
38.93449160596043,-77.0164433949512
38.93449160596043,-77.01285643143339
38.93449160596043,-77.00926946791559
38.93449160596043,-77.00568250439778
38.93449160596043,-77.00209554087998
38.93449160596043,-76.99850857736217
38.93449160596043,-76.99492161384437
38.93449160596043,-76.99133465032656
38.93449160596043,-76.98774768680876
38.93449160596043,-76.98416072329096
38.93449160596043,-76.98057375977315
38.93449160596043,-76.97698679625535
38.93449160596043,-76.97339983273754
38.93449160596043,-76.96981286921974
38.93449160596043,-76.96622590570193
38.93449160596043,-76.96263894218413
38.93449160596043,-76.95905197866632
38.937279200172185,-77.11329140993192
38.937279200172185,-77.10970444641411
38.937279200172185,-77.10611748289631
38.937279200172185,-77.1025305193785
38.937279200172185,-77.0989435558607
38.937279200172185,-77.0953565923429
38.937279200172185,-77.09176962882509
38.937279200172185,-77.08818266530729
38.937279200172185,-77.08459570178948
38.937279200172185,-77.08100873827168
38.937279200172185,-77.07742177475387
38.937279200172185,-77.07383481123607
38.937279200172185,-77.07024784771826
38.937279200172185,-77.06666088420046
38.937279200172185,-77.06307392068265
38.937279200172185,-77.05948695716485
38.937279200172185,-77.05589999364705
38.937279200172185,-77.05231303012924
38.937279200172185,-77.04872606661144
38.937279200172185,-77.04513910309363
38.937279200172185,-77.04155213957583
38.937279200172185,-77.03796517605802
38.937279200172185,-77.03437821254022
38.937279200172185,-77.03079124902241
38.937279200172185,-77.02720428550461
38.937279200172185,-77.0236173219868
38.937279200172185,-77.020030358469
38.937279200172185,-77.0164433949512
38.937279200172185,-77.01285643143339
38.937279200172185,-77.00926946791559
38.937279200172185,-77.00568250439778
38.937279200172185,-77.00209554087998
38.937279200172185,-76.99850857736217
38.937279200172185,-76.99492161384437
38.937279200172185,-76.99133465032656
38.937279200172185,-76.98774768680876
38.937279200172185,-76.98416072329096
38.937279200172185,-76.98057375977315
38.937279200172185,-76.97698679625535
38.937279200172185,-76.97339983273754
38.937279200172185,-76.96981286921974
38.937279200172185,-76.96622590570193
38.937279200172185,-76.96263894218413
38.94006679438394,-77.11329140993192
38.94006679438394,-77.10970444641411
38.94006679438394,-77.10611748289631
38.94006679438394,-77.1025305193785
38.94006679438394,-77.0989435558607
38.94006679438394,-77.0953565923429
38.94006679438394,-77.09176962882509
38.94006679438394,-77.08818266530729
38.94006679438394,-77.08459570178948
38.94006679438394,-77.08100873827168
38.94006679438394,-77.07742177475387
38.94006679438394,-77.07383481123607
38.94006679438394,-77.07024784771826
38.94006679438394,-77.06666088420046
38.94006679438394,-77.06307392068265
38.94006679438394,-77.05948695716485
38.94006679438394,-77.05589999364705
38.94006679438394,-77.05231303012924
38.94006679438394,-77.04872606661144
38.94006679438394,-77.04513910309363
38.94006679438394,-77.04155213957583
38.94006679438394,-77.03796517605802
38.94006679438394,-77.03437821254022
38.94006679438394,-77.03079124902241
38.94006679438394,-77.02720428550461
38.94006679438394,-77.0236173219868
38.94006679438394,-77.020030358469
38.94006679438394,-77.0164433949512
38.94006679438394,-77.01285643143339
38.94006679438394,-77.00926946791559
38.94006679438394,-77.00568250439778
38.94006679438394,-77.00209554087998
38.94006679438394,-76.99850857736217
38.94006679438394,-76.99492161384437
38.94006679438394,-76.99133465032656
38.94006679438394,-76.98774768680876
38.94006679438394,-76.98416072329096
38.94006679438394,-76.98057375977315
38.94006679438394,-76.97698679625535
38.94006679438394,-76.97339983273754
38.94006679438394,-76.96981286921974
38.94006679438394,-76.96622590570193
38.94285438859569,-77.10611748289631
38.94285438859569,-77.1025305193785
38.94285438859569,-77.0989435558607
38.94285438859569,-77.0953565923429
38.94285438859569,-77.09176962882509
38.94285438859569,-77.08818266530729
38.94285438859569,-77.08459570178948
38.94285438859569,-77.08100873827168
38.94285438859569,-77.07742177475387
38.94285438859569,-77.07383481123607
38.94285438859569,-77.07024784771826
38.94285438859569,-77.06666088420046
38.94285438859569,-77.06307392068265
38.94285438859569,-77.05948695716485
38.94285438859569,-77.05589999364705
38.94285438859569,-77.05231303012924
38.94285438859569,-77.04872606661144
38.94285438859569,-77.04513910309363
38.94285438859569,-77.04155213957583
38.94285438859569,-77.03796517605802
38.94285438859569,-77.03437821254022
38.94285438859569,-77.03079124902241
38.94285438859569,-77.02720428550461
38.94285438859569,-77.0236173219868
38.94285438859569,-77.020030358469
38.94285438859569,-77.0164433949512
38.94285438859569,-77.01285643143339
38.94285438859569,-77.00926946791559
38.94285438859569,-77.00568250439778
38.94285438859569,-77.00209554087998
38.94285438859569,-76.99850857736217
38.94285438859569,-76.99492161384437
38.94285438859569,-76.99133465032656
38.94285438859569,-76.98774768680876
38.94285438859569,-76.98416072329096
38.94285438859569,-76.98057375977315
38.94285438859569,-76.97698679625535
38.94285438859569,-76.97339983273754
38.94285438859569,-76.96981286921974
38.945641982807444,-77.10611748289631
38.945641982807444,-77.1025305193785
38.945641982807444,-77.0989435558607
38.945641982807444,-77.0953565923429
38.945641982807444,-77.09176962882509
38.945641982807444,-77.08818266530729
38.945641982807444,-77.08459570178948
38.945641982807444,-77.08100873827168
38.945641982807444,-77.07742177475387
38.945641982807444,-77.07383481123607
38.945641982807444,-77.07024784771826
38.945641982807444,-77.06666088420046
38.945641982807444,-77.06307392068265
38.945641982807444,-77.05948695716485
38.945641982807444,-77.05589999364705
38.945641982807444,-77.05231303012924
38.945641982807444,-77.04872606661144
38.945641982807444,-77.04513910309363
38.945641982807444,-77.04155213957583
38.945641982807444,-77.03796517605802
38.945641982807444,-77.03437821254022
38.945641982807444,-77.03079124902241
38.945641982807444,-77.02720428550461
38.945641982807444,-77.0236173219868
38.945641982807444,-77.020030358469
38.945641982807444,-77.0164433949512
38.945641982807444,-77.01285643143339
38.945641982807444,-77.00926946791559
38.945641982807444,-77.00568250439778
38.945641982807444,-77.00209554087998
38.945641982807444,-76.99850857736217
38.945641982807444,-76.99492161384437
38.945641982807444,-76.99133465032656
38.945641982807444,-76.98774768680876
38.945641982807444,-76.98416072329096
38.945641982807444,-76.98057375977315
38.945641982807444,-76.97698679625535
38.945641982807444,-76.97339983273754
38.9484295770192,-77.1025305193785
38.9484295770192,-77.0989435558607
38.9484295770192,-77.0953565923429
38.9484295770192,-77.09176962882509
38.9484295770192,-77.08818266530729
38.9484295770192,-77.08459570178948
38.9484295770192,-77.08100873827168
38.9484295770192,-77.07742177475387
38.9484295770192,-77.07383481123607
38.9484295770192,-77.07024784771826
38.9484295770192,-77.06666088420046
38.9484295770192,-77.06307392068265
38.9484295770192,-77.05948695716485
38.9484295770192,-77.05589999364705
38.9484295770192,-77.05231303012924
38.9484295770192,-77.04513910309363
38.9484295770192,-77.04155213957583
38.9484295770192,-77.03796517605802
38.9484295770192,-77.03437821254022
38.9484295770192,-77.03079124902241
38.9484295770192,-77.02720428550461
38.9484295770192,-77.0236173219868
38.9484295770192,-77.020030358469
38.9484295770192,-77.0164433949512
38.9484295770192,-77.01285643143339
38.9484295770192,-77.00926946791559
38.9484295770192,-77.00568250439778
38.9484295770192,-77.00209554087998
38.9484295770192,-76.99850857736217
38.9484295770192,-76.99492161384437
38.9484295770192,-76.99133465032656
38.9484295770192,-76.98774768680876
38.9484295770192,-76.98416072329096
38.9484295770192,-76.98057375977315
38.9484295770192,-76.97698679625535
38.95121717123095,-77.1025305193785
38.95121717123095,-77.0989435558607
38.95121717123095,-77.0953565923429
38.95121717123095,-77.09176962882509
38.95121717123095,-77.08818266530729
38.95121717123095,-77.08459570178948
38.95121717123095,-77.08100873827168
38.95121717123095,-77.07742177475387
38.95121717123095,-77.07383481123607
38.95121717123095,-77.07024784771826
38.95121717123095,-77.06666088420046
38.95121717123095,-77.06307392068265
38.95121717123095,-77.05948695716485
38.95121717123095,-77.05589999364705
38.95121717123095,-77.05231303012924
38.95121717123095,-77.04513910309363
38.95121717123095,-77.04155213957583
38.95121717123095,-77.03796517605802
38.95121717123095,-77.03437821254022
38.95121717123095,-77.03079124902241
38.95121717123095,-77.02720428550461
38.95121717123095,-77.0236173219868
38.95121717123095,-77.020030358469
38.95121717123095,-77.0164433949512
38.95121717123095,-77.01285643143339
38.95121717123095,-77.00926946791559
38.95121717123095,-77.00568250439778
38.95121717123095,-77.00209554087998
38.95121717123095,-76.99850857736217
38.95121717123095,-76.99492161384437
38.95121717123095,-76.99133465032656
38.95121717123095,-76.98774768680876
38.95121717123095,-76.98416072329096
38.95121717123095,-76.98057375977315
38.954004765442704,-77.0989435558607
38.954004765442704,-77.0953565923429
38.954004765442704,-77.09176962882509
38.954004765442704,-77.08818266530729
38.954004765442704,-77.08459570178948
38.954004765442704,-77.08100873827168
38.954004765442704,-77.07742177475387
38.954004765442704,-77.07383481123607
38.954004765442704,-77.07024784771826
38.954004765442704,-77.06666088420046
38.954004765442704,-77.06307392068265
38.954004765442704,-77.05948695716485
38.954004765442704,-77.05589999364705
38.954004765442704,-77.05231303012924
38.954004765442704,-77.04872606661144
38.954004765442704,-77.04155213957583
38.954004765442704,-77.03796517605802
38.954004765442704,-77.03437821254022
38.954004765442704,-77.03079124902241
38.954004765442704,-77.02720428550461
38.954004765442704,-77.0236173219868
38.954004765442704,-77.020030358469
38.954004765442704,-77.0164433949512
38.954004765442704,-77.01285643143339
38.954004765442704,-77.00926946791559
38.954004765442704,-77.00568250439778
38.954004765442704,-77.00209554087998
38.954004765442704,-76.99850857736217
38.954004765442704,-76.99492161384437
38.954004765442704,-76.99133465032656
38.954004765442704,-76.98774768680876
38.954004765442704,-76.98416072329096
38.95679235965446,-77.0953565923429
38.95679235965446,-77.09176962882509
38.95679235965446,-77.08818266530729
38.95679235965446,-77.08459570178948
38.95679235965446,-77.08100873827168
38.95679235965446,-77.07742177475387
38.95679235965446,-77.07383481123607
38.95679235965446,-77.07024784771826
38.95679235965446,-77.06666088420046
38.95679235965446,-77.06307392068265
38.95679235965446,-77.05948695716485
38.95679235965446,-77.05589999364705
38.95679235965446,-77.05231303012924
38.95679235965446,-77.04872606661144
38.95679235965446,-77.04155213957583
38.95679235965446,-77.03796517605802
38.95679235965446,-77.03437821254022
38.95679235965446,-77.03079124902241
38.95679235965446,-77.02720428550461
38.95679235965446,-77.0236173219868
38.95679235965446,-77.020030358469
38.95679235965446,-77.0164433949512
38.95679235965446,-77.01285643143339
38.95679235965446,-77.00926946791559
38.95679235965446,-77.00568250439778
38.95679235965446,-77.00209554087998
38.95679235965446,-76.99850857736217
38.95679235965446,-76.99492161384437
38.95679235965446,-76.99133465032656
38.95679235965446,-76.98774768680876
38.95957995386621,-77.09176962882509
38.95957995386621,-77.08818266530729
38.95957995386621,-77.08459570178948
38.95957995386621,-77.08100873827168
38.95957995386621,-77.07742177475387
38.95957995386621,-77.07383481123607
38.95957995386621,-77.07024784771826
38.95957995386621,-77.06666088420046
38.95957995386621,-77.06307392068265
38.95957995386621,-77.05948695716485
38.95957995386621,-77.05589999364705
38.95957995386621,-77.05231303012924
38.95957995386621,-77.04872606661144
38.95957995386621,-77.04155213957583
38.95957995386621,-77.03796517605802
38.95957995386621,-77.03437821254022
38.95957995386621,-77.03079124902241
38.95957995386621,-77.02720428550461
38.95957995386621,-77.0236173219868
38.95957995386621,-77.020030358469
38.95957995386621,-77.0164433949512
38.95957995386621,-77.01285643143339
38.95957995386621,-77.00926946791559
38.95957995386621,-77.00568250439778
38.95957995386621,-77.00209554087998
38.95957995386621,-76.99850857736217
38.95957995386621,-76.99492161384437
38.95957995386621,-76.99133465032656
38.962367548077964,-77.08459570178948
38.962367548077964,-77.08100873827168
38.962367548077964,-77.07742177475387
38.962367548077964,-77.07383481123607
38.962367548077964,-77.07024784771826
38.962367548077964,-77.06666088420046
38.962367548077964,-77.06307392068265
38.962367548077964,-77.05948695716485
38.962367548077964,-77.05589999364705
38.962367548077964,-77.05231303012924
38.962367548077964,-77.04872606661144
38.962367548077964,-77.04513910309363
38.962367548077964,-77.04155213957583
38.962367548077964,-77.03796517605802
38.962367548077964,-77.03437821254022
38.962367548077964,-77.03079124902241
38.962367548077964,-77.02720428550461
38.962367548077964,-77.0236173219868
38.962367548077964,-77.020030358469
38.962367548077964,-77.0164433949512
38.962367548077964,-77.01285643143339
38.962367548077964,-77.00926946791559
38.962367548077964,-77.00568250439778
38.962367548077964,-77.00209554087998
38.962367548077964,-76.99850857736217
38.962367548077964,-76.99492161384437
38.96515514228972,-77.08459570178948
38.96515514228972,-77.08100873827168
38.96515514228972,-77.07742177475387
38.96515514228972,-77.07383481123607
38.96515514228972,-77.07024784771826
38.96515514228972,-77.06666088420046
38.96515514228972,-77.06307392068265
38.96515514228972,-77.05948695716485
38.96515514228972,-77.05589999364705
38.96515514228972,-77.05231303012924
38.96515514228972,-77.04872606661144
38.96515514228972,-77.04513910309363
38.96515514228972,-77.04155213957583
38.96515514228972,-77.03796517605802
38.96515514228972,-77.03437821254022
38.96515514228972,-77.03079124902241
38.96515514228972,-77.02720428550461
38.96515514228972,-77.0236173219868
38.96515514228972,-77.020030358469
38.96515514228972,-77.0164433949512
38.96515514228972,-77.01285643143339
38.96515514228972,-77.00926946791559
38.96515514228972,-77.00568250439778
38.96515514228972,-77.00209554087998
38.96515514228972,-76.99850857736217
38.96794273650147,-77.08100873827168
38.96794273650147,-77.07742177475387
38.96794273650147,-77.07383481123607
38.96794273650147,-77.07024784771826
38.96794273650147,-77.06666088420046
38.96794273650147,-77.06307392068265
38.96794273650147,-77.05948695716485
38.96794273650147,-77.05589999364705
38.96794273650147,-77.05231303012924
38.96794273650147,-77.04872606661144
38.96794273650147,-77.04155213957583
38.96794273650147,-77.03796517605802
38.96794273650147,-77.03437821254022
38.96794273650147,-77.03079124902241
38.96794273650147,-77.02720428550461
38.96794273650147,-77.0236173219868
38.96794273650147,-77.020030358469
38.96794273650147,-77.0164433949512
38.96794273650147,-77.01285643143339
38.96794273650147,-77.00926946791559
38.96794273650147,-77.00568250439778
38.96794273650147,-77.00209554087998
38.970730330713224,-77.07742177475387
38.970730330713224,-77.07383481123607
38.970730330713224,-77.07024784771826
38.970730330713224,-77.06666088420046
38.970730330713224,-77.06307392068265
38.970730330713224,-77.05948695716485
38.970730330713224,-77.05589999364705
38.970730330713224,-77.05231303012924
38.970730330713224,-77.04155213957583
38.970730330713224,-77.03796517605802
38.970730330713224,-77.03437821254022
38.970730330713224,-77.03079124902241
38.970730330713224,-77.02720428550461
38.970730330713224,-77.0236173219868
38.970730330713224,-77.020030358469
38.970730330713224,-77.0164433949512
38.970730330713224,-77.01285643143339
38.970730330713224,-77.00926946791559
38.970730330713224,-77.00568250439778
38.97351792492498,-77.07383481123607
38.97351792492498,-77.07024784771826
38.97351792492498,-77.06666088420046
38.97351792492498,-77.06307392068265
38.97351792492498,-77.05948695716485
38.97351792492498,-77.05589999364705
38.97351792492498,-77.05231303012924
38.97351792492498,-77.03796517605802
38.97351792492498,-77.03437821254022
38.97351792492498,-77.03079124902241
38.97351792492498,-77.02720428550461
38.97351792492498,-77.0236173219868
38.97351792492498,-77.020030358469
38.97351792492498,-77.0164433949512
38.97351792492498,-77.01285643143339
38.97351792492498,-77.00926946791559
38.97630551913673,-77.07024784771826
38.97630551913673,-77.06666088420046
38.97630551913673,-77.06307392068265
38.97630551913673,-77.05948695716485
38.97630551913673,-77.05589999364705
38.97630551913673,-77.05231303012924
38.97630551913673,-77.03796517605802
38.97630551913673,-77.03437821254022
38.97630551913673,-77.03079124902241
38.97630551913673,-77.02720428550461
38.97630551913673,-77.0236173219868
38.97630551913673,-77.020030358469
38.97630551913673,-77.0164433949512
38.97630551913673,-77.01285643143339
38.97909311334848,-77.06666088420046
38.97909311334848,-77.06307392068265
38.97909311334848,-77.05948695716485
38.97909311334848,-77.05589999364705
38.97909311334848,-77.05231303012924
38.97909311334848,-77.04155213957583
38.97909311334848,-77.03796517605802
38.97909311334848,-77.03437821254022
38.97909311334848,-77.03079124902241
38.97909311334848,-77.02720428550461
38.97909311334848,-77.0236173219868
38.97909311334848,-77.020030358469
38.97909311334848,-77.0164433949512
38.98188070756024,-77.06307392068265
38.98188070756024,-77.05948695716485
38.98188070756024,-77.05589999364705
38.98188070756024,-77.05231303012924
38.98188070756024,-77.04155213957583
38.98188070756024,-77.03796517605802
38.98188070756024,-77.03437821254022
38.98188070756024,-77.03079124902241
38.98188070756024,-77.02720428550461
38.98188070756024,-77.0236173219868
38.98188070756024,-77.020030358469
38.98466830177199,-77.05948695716485
38.98466830177199,-77.05589999364705
38.98466830177199,-77.05231303012924
38.98466830177199,-77.04872606661144
38.98466830177199,-77.04513910309363
38.98466830177199,-77.04155213957583
38.98466830177199,-77.03796517605802
38.98466830177199,-77.03437821254022
38.98466830177199,-77.03079124902241
38.98466830177199,-77.02720428550461
38.98466830177199,-77.0236173219868
38.98745589598374,-77.05589999364705
38.98745589598374,-77.05231303012924
38.98745589598374,-77.04872606661144
38.98745589598374,-77.04513910309363
38.98745589598374,-77.04155213957583
38.98745589598374,-77.03796517605802
38.98745589598374,-77.03437821254022
38.98745589598374,-77.03079124902241
38.98745589598374,-77.02720428550461
38.990243490195496,-77.04872606661144
38.990243490195496,-77.04513910309363
38.990243490195496,-77.04155213957583
38.990243490195496,-77.03796517605802
38.990243490195496,-77.03437821254022
38.990243490195496,-77.03079124902241
38.99303108440725,-77.04872606661144
38.99303108440725,-77.04513910309363
38.99303108440725,-77.04155213957583
38.99303108440725,-77.03796517605802
38.99303108440725,-77.03437821254022