38.81183746064329,-77.11329140993192
38.81183746064329,-77.10970444641411
38.81183746064329,-77.10611748289631
38.81183746064329,-77.1025305193785
38.81183746064329,-77.0989435558607
38.81183746064329,-77.0953565923429
38.81183746064329,-77.09176962882509
38.81183746064329,-77.08818266530729
38.81183746064329,-77.08459570178948
38.81183746064329,-77.08100873827168
38.81183746064329,-77.07742177475387
38.81183746064329,-77.07383481123607
38.81183746064329,-77.07024784771826
38.81183746064329,-77.06666088420046
38.81183746064329,-77.06307392068265
38.81183746064329,-77.05948695716485
38.81183746064329,-77.05589999364705
38.81183746064329,-77.05231303012924
38.81183746064329,-77.04872606661144
38.81183746064329,-77.04513910309363
38.81183746064329,-77.04155213957583
38.81183746064329,-77.03796517605802
38.81183746064329,-77.03437821254022
38.81183746064329,-77.03079124902241
38.81183746064329,-77.02720428550461
38.81183746064329,-77.0236173219868
38.81183746064329,-77.020030358469
38.81183746064329,-77.0164433949512
38.81183746064329,-77.01285643143339
38.81183746064329,-77.00926946791559
38.81183746064329,-77.00568250439778
38.81183746064329,-77.00209554087998
38.81183746064329,-76.99850857736217
38.81183746064329,-76.99492161384437
38.81183746064329,-76.99133465032656
38.81183746064329,-76.98774768680876
38.81183746064329,-76.98416072329096
38.81183746064329,-76.98057375977315
38.81183746064329,-76.97698679625535
38.81183746064329,-76.97339983273754
38.81183746064329,-76.96981286921974
38.81183746064329,-76.96622590570193
38.81183746064329,-76.96263894218413
38.81183746064329,-76.95905197866632
38.81183746064329,-76.95546501514852
38.81183746064329,-76.95187805163071
38.81183746064329,-76.94829108811291
38.81183746064329,-76.9447041245951
38.81183746064329,-76.9411171610773
38.81183746064329,-76.9375301975595
38.81183746064329,-76.93394323404169
38.81183746064329,-76.93035627052389
38.81183746064329,-76.92676930700608
38.81183746064329,-76.92318234348828
38.81183746064329,-76.91959537997047
38.81183746064329,-76.91600841645267
38.81183746064329,-76.91242145293486
38.81462505485504,-77.11329140993192
38.81462505485504,-77.10970444641411
38.81462505485504,-77.10611748289631
38.81462505485504,-77.1025305193785
38.81462505485504,-77.0989435558607
38.81462505485504,-77.0953565923429
38.81462505485504,-77.09176962882509
38.81462505485504,-77.08818266530729
38.81462505485504,-77.08459570178948
38.81462505485504,-77.08100873827168
38.81462505485504,-77.07742177475387
38.81462505485504,-77.07383481123607
38.81462505485504,-77.07024784771826
38.81462505485504,-77.06666088420046
38.81462505485504,-77.06307392068265
38.81462505485504,-77.05948695716485
38.81462505485504,-77.05589999364705
38.81462505485504,-77.05231303012924
38.81462505485504,-77.04872606661144
38.81462505485504,-77.04513910309363
38.81462505485504,-77.04155213957583
38.81462505485504,-77.03796517605802
38.81462505485504,-77.03437821254022
38.81462505485504,-77.03079124902241
38.81462505485504,-77.02720428550461
38.81462505485504,-77.0236173219868
38.81462505485504,-77.020030358469
38.81462505485504,-77.0164433949512
38.81462505485504,-77.01285643143339
38.81462505485504,-77.00926946791559
38.81462505485504,-77.00568250439778
38.81462505485504,-77.00209554087998
38.81462505485504,-76.99850857736217
38.81462505485504,-76.99492161384437
38.81462505485504,-76.99133465032656
38.81462505485504,-76.98774768680876
38.81462505485504,-76.98416072329096
38.81462505485504,-76.98057375977315
38.81462505485504,-76.97698679625535
38.81462505485504,-76.97339983273754
38.81462505485504,-76.96981286921974
38.81462505485504,-76.96622590570193
38.81462505485504,-76.96263894218413
38.81462505485504,-76.95905197866632
38.81462505485504,-76.95546501514852
38.81462505485504,-76.95187805163071
38.81462505485504,-76.94829108811291
38.81462505485504,-76.9447041245951
38.81462505485504,-76.9411171610773
38.81462505485504,-76.9375301975595
38.81462505485504,-76.93394323404169
38.81462505485504,-76.93035627052389
38.81462505485504,-76.92676930700608
38.81462505485504,-76.92318234348828
38.81462505485504,-76.91959537997047
38.81462505485504,-76.91600841645267
38.81462505485504,-76.91242145293486
38.817412649066796,-77.11329140993192
38.817412649066796,-77.10970444641411
38.817412649066796,-77.10611748289631
38.817412649066796,-77.1025305193785
38.817412649066796,-77.0989435558607
38.817412649066796,-77.0953565923429
38.817412649066796,-77.09176962882509
38.817412649066796,-77.08818266530729
38.817412649066796,-77.08459570178948
38.817412649066796,-77.08100873827168
38.817412649066796,-77.07742177475387
38.817412649066796,-77.07383481123607
38.817412649066796,-77.07024784771826
38.817412649066796,-77.06666088420046
38.817412649066796,-77.06307392068265
38.817412649066796,-77.05948695716485
38.817412649066796,-77.05589999364705
38.817412649066796,-77.05231303012924
38.817412649066796,-77.04872606661144
38.817412649066796,-77.04513910309363
38.817412649066796,-77.04155213957583
38.817412649066796,-77.03796517605802
38.817412649066796,-77.03437821254022
38.817412649066796,-77.03079124902241
38.817412649066796,-77.02720428550461
38.817412649066796,-77.0236173219868
38.817412649066796,-77.020030358469
38.817412649066796,-77.0164433949512
38.817412649066796,-77.01285643143339
38.817412649066796,-77.00926946791559
38.817412649066796,-77.00568250439778
38.817412649066796,-77.00209554087998
38.817412649066796,-76.99850857736217
38.817412649066796,-76.99492161384437
38.817412649066796,-76.99133465032656
38.817412649066796,-76.98774768680876
38.817412649066796,-76.98416072329096
38.817412649066796,-76.98057375977315
38.817412649066796,-76.97698679625535
38.817412649066796,-76.97339983273754
38.817412649066796,-76.96981286921974
38.817412649066796,-76.96622590570193
38.817412649066796,-76.96263894218413
38.817412649066796,-76.95905197866632
38.817412649066796,-76.95546501514852
38.817412649066796,-76.95187805163071
38.817412649066796,-76.94829108811291
38.817412649066796,-76.9447041245951
38.817412649066796,-76.9411171610773
38.817412649066796,-76.9375301975595
38.817412649066796,-76.93394323404169
38.817412649066796,-76.93035627052389
38.817412649066796,-76.92676930700608
38.817412649066796,-76.92318234348828
38.817412649066796,-76.91959537997047
38.817412649066796,-76.91600841645267
38.817412649066796,-76.91242145293486
38.82020024327855,-77.11329140993192
38.82020024327855,-77.10970444641411
38.82020024327855,-77.10611748289631
38.82020024327855,-77.1025305193785
38.82020024327855,-77.0989435558607
38.82020024327855,-77.0953565923429
38.82020024327855,-77.09176962882509
38.82020024327855,-77.08818266530729
38.82020024327855,-77.08459570178948
38.82020024327855,-77.08100873827168
38.82020024327855,-77.07742177475387
38.82020024327855,-77.07383481123607
38.82020024327855,-77.07024784771826
38.82020024327855,-77.06666088420046
38.82020024327855,-77.06307392068265
38.82020024327855,-77.05948695716485
38.82020024327855,-77.05589999364705
38.82020024327855,-77.05231303012924
38.82020024327855,-77.04872606661144
38.82020024327855,-77.04513910309363
38.82020024327855,-77.04155213957583
38.82020024327855,-77.03796517605802
38.82020024327855,-77.03437821254022
38.82020024327855,-77.03079124902241
38.82020024327855,-77.02720428550461
38.82020024327855,-77.0236173219868
38.82020024327855,-77.020030358469
38.82020024327855,-77.0164433949512
38.82020024327855,-77.01285643143339
38.82020024327855,-77.00926946791559
38.82020024327855,-77.00568250439778
38.82020024327855,-77.00209554087998
38.82020024327855,-76.99850857736217
38.82020024327855,-76.99492161384437
38.82020024327855,-76.99133465032656
38.82020024327855,-76.98774768680876
38.82020024327855,-76.98416072329096
38.82020024327855,-76.98057375977315
38.82020024327855,-76.97698679625535
38.82020024327855,-76.97339983273754
38.82020024327855,-76.96981286921974
38.82020024327855,-76.96622590570193
38.82020024327855,-76.96263894218413
38.82020024327855,-76.95905197866632
38.82020024327855,-76.95546501514852
38.82020024327855,-76.95187805163071
38.82020024327855,-76.94829108811291
38.82020024327855,-76.9447041245951
38.82020024327855,-76.9411171610773
38.82020024327855,-76.9375301975595
38.82020024327855,-76.93394323404169
38.82020024327855,-76.93035627052389
38.82020024327855,-76.92676930700608
38.82020024327855,-76.92318234348828
38.82020024327855,-76.91959537997047
38.82020024327855,-76.91600841645267
38.82020024327855,-76.91242145293486
38.8229878374903,-77.11329140993192
38.8229878374903,-77.10970444641411
38.8229878374903,-77.10611748289631
38.8229878374903,-77.1025305193785
38.8229878374903,-77.0989435558607
38.8229878374903,-77.0953565923429
38.8229878374903,-77.09176962882509
38.8229878374903,-77.08818266530729
38.8229878374903,-77.08459570178948
38.8229878374903,-77.08100873827168
38.8229878374903,-77.07742177475387
38.8229878374903,-77.07383481123607
38.8229878374903,-77.07024784771826
38.8229878374903,-77.06666088420046
38.8229878374903,-77.06307392068265
38.8229878374903,-77.05948695716485
38.8229878374903,-77.05589999364705
38.8229878374903,-77.05231303012924
38.8229878374903,-77.04872606661144
38.8229878374903,-77.04513910309363
38.8229878374903,-77.04155213957583
38.8229878374903,-77.03796517605802
38.8229878374903,-77.03437821254022
38.8229878374903,-77.03079124902241
38.8229878374903,-77.02720428550461
38.8229878374903,-77.0236173219868
38.8229878374903,-77.020030358469
38.8229878374903,-77.0164433949512
38.8229878374903,-77.01285643143339
38.8229878374903,-77.00926946791559
38.8229878374903,-77.00568250439778
38.8229878374903,-77.00209554087998
38.8229878374903,-76.99850857736217
38.8229878374903,-76.99492161384437
38.8229878374903,-76.99133465032656
38.8229878374903,-76.98774768680876
38.8229878374903,-76.98416072329096
38.8229878374903,-76.98057375977315
38.8229878374903,-76.97698679625535
38.8229878374903,-76.97339983273754
38.8229878374903,-76.96981286921974
38.8229878374903,-76.96622590570193
38.8229878374903,-76.96263894218413
38.8229878374903,-76.95905197866632
38.8229878374903,-76.95546501514852
38.8229878374903,-76.95187805163071
38.8229878374903,-76.94829108811291
38.8229878374903,-76.9447041245951
38.8229878374903,-76.9411171610773
38.8229878374903,-76.9375301975595
38.8229878374903,-76.93394323404169
38.8229878374903,-76.93035627052389
38.8229878374903,-76.92676930700608
38.8229878374903,-76.92318234348828
38.8229878374903,-76.91959537997047
38.8229878374903,-76.91600841645267
38.8229878374903,-76.91242145293486
38.825775431702056,-77.11329140993192
38.825775431702056,-77.10970444641411
38.825775431702056,-77.10611748289631
38.825775431702056,-77.1025305193785
38.825775431702056,-77.0989435558607
38.825775431702056,-77.0953565923429
38.825775431702056,-77.09176962882509
38.825775431702056,-77.08818266530729
38.825775431702056,-77.08459570178948
38.825775431702056,-77.08100873827168
38.825775431702056,-77.07742177475387
38.825775431702056,-77.07383481123607
38.825775431702056,-77.07024784771826
38.825775431702056,-77.06666088420046
38.825775431702056,-77.06307392068265
38.825775431702056,-77.05948695716485
38.825775431702056,-77.05589999364705
38.825775431702056,-77.05231303012924
38.825775431702056,-77.04872606661144
38.825775431702056,-77.04513910309363
38.825775431702056,-77.04155213957583
38.825775431702056,-77.03796517605802
38.825775431702056,-77.03437821254022
38.825775431702056,-77.03079124902241
38.825775431702056,-77.02720428550461
38.825775431702056,-77.0236173219868
38.825775431702056,-77.020030358469
38.825775431702056,-77.0164433949512
38.825775431702056,-77.01285643143339
38.825775431702056,-77.00926946791559
38.825775431702056,-77.00568250439778
38.825775431702056,-77.00209554087998
38.825775431702056,-76.99850857736217
38.825775431702056,-76.99492161384437
38.825775431702056,-76.99133465032656
38.825775431702056,-76.98774768680876
38.825775431702056,-76.98416072329096
38.825775431702056,-76.98057375977315
38.825775431702056,-76.97698679625535
38.825775431702056,-76.97339983273754
38.825775431702056,-76.96981286921974
38.825775431702056,-76.96622590570193
38.825775431702056,-76.96263894218413
38.825775431702056,-76.95905197866632
38.825775431702056,-76.95546501514852
38.825775431702056,-76.95187805163071
38.825775431702056,-76.94829108811291
38.825775431702056,-76.9447041245951
38.825775431702056,-76.9411171610773
38.825775431702056,-76.9375301975595
38.825775431702056,-76.93394323404169
38.825775431702056,-76.93035627052389
38.825775431702056,-76.92676930700608
38.825775431702056,-76.92318234348828
38.825775431702056,-76.91959537997047
38.825775431702056,-76.91600841645267
38.825775431702056,-76.91242145293486
38.82856302591381,-77.11329140993192
38.82856302591381,-77.10970444641411
38.82856302591381,-77.10611748289631
38.82856302591381,-77.1025305193785
38.82856302591381,-77.0989435558607
38.82856302591381,-77.0953565923429
38.82856302591381,-77.09176962882509
38.82856302591381,-77.08818266530729
38.82856302591381,-77.08459570178948
38.82856302591381,-77.08100873827168
38.82856302591381,-77.07742177475387
38.82856302591381,-77.07383481123607
38.82856302591381,-77.07024784771826
38.82856302591381,-77.06666088420046
38.82856302591381,-77.06307392068265
38.82856302591381,-77.05948695716485
38.82856302591381,-77.05589999364705
38.82856302591381,-77.05231303012924
38.82856302591381,-77.04872606661144
38.82856302591381,-77.04513910309363
38.82856302591381,-77.04155213957583
38.82856302591381,-77.03796517605802
38.82856302591381,-77.03437821254022
38.82856302591381,-77.03079124902241
38.82856302591381,-77.02720428550461
38.82856302591381,-77.0236173219868
38.82856302591381,-77.020030358469
38.82856302591381,-77.0164433949512
38.82856302591381,-77.01285643143339
38.82856302591381,-77.00926946791559
38.82856302591381,-77.00568250439778
38.82856302591381,-77.00209554087998
38.82856302591381,-76.99850857736217
38.82856302591381,-76.99492161384437
38.82856302591381,-76.99133465032656
38.82856302591381,-76.98774768680876
38.82856302591381,-76.98416072329096
38.82856302591381,-76.98057375977315
38.82856302591381,-76.97698679625535
38.82856302591381,-76.97339983273754
38.82856302591381,-76.96981286921974
38.82856302591381,-76.96622590570193
38.82856302591381,-76.96263894218413
38.82856302591381,-76.95905197866632
38.82856302591381,-76.95546501514852
38.82856302591381,-76.95187805163071
38.82856302591381,-76.94829108811291
38.82856302591381,-76.9447041245951
38.82856302591381,-76.9411171610773
38.82856302591381,-76.9375301975595
38.82856302591381,-76.93394323404169
38.82856302591381,-76.93035627052389
38.82856302591381,-76.92676930700608
38.82856302591381,-76.92318234348828
38.82856302591381,-76.91959537997047
38.82856302591381,-76.91600841645267
38.82856302591381,-76.91242145293486
38.83135062012556,-77.11329140993192
38.83135062012556,-77.10970444641411
38.83135062012556,-77.10611748289631
38.83135062012556,-77.1025305193785
38.83135062012556,-77.0989435558607
38.83135062012556,-77.0953565923429
38.83135062012556,-77.09176962882509
38.83135062012556,-77.08818266530729
38.83135062012556,-77.08459570178948
38.83135062012556,-77.08100873827168
38.83135062012556,-77.07742177475387
38.83135062012556,-77.07383481123607
38.83135062012556,-77.07024784771826
38.83135062012556,-77.06666088420046
38.83135062012556,-77.06307392068265
38.83135062012556,-77.05948695716485
38.83135062012556,-77.05589999364705
38.83135062012556,-77.05231303012924
38.83135062012556,-77.04872606661144
38.83135062012556,-77.04513910309363
38.83135062012556,-77.04155213957583
38.83135062012556,-77.03796517605802
38.83135062012556,-77.03437821254022
38.83135062012556,-77.03079124902241
38.83135062012556,-77.02720428550461
38.83135062012556,-77.0236173219868
38.83135062012556,-77.020030358469
38.83135062012556,-77.0164433949512
38.83135062012556,-77.01285643143339
38.83135062012556,-77.00926946791559
38.83135062012556,-77.00568250439778
38.83135062012556,-77.00209554087998
38.83135062012556,-76.99850857736217
38.83135062012556,-76.99492161384437
38.83135062012556,-76.99133465032656
38.83135062012556,-76.98774768680876
38.83135062012556,-76.98416072329096
38.83135062012556,-76.98057375977315
38.83135062012556,-76.97698679625535
38.83135062012556,-76.97339983273754
38.83135062012556,-76.96981286921974
38.83135062012556,-76.96622590570193
38.83135062012556,-76.96263894218413
38.83135062012556,-76.95905197866632
38.83135062012556,-76.95546501514852
38.83135062012556,-76.95187805163071
38.83135062012556,-76.94829108811291
38.83135062012556,-76.9447041245951
38.83135062012556,-76.9411171610773
38.83135062012556,-76.9375301975595
38.83135062012556,-76.93394323404169
38.83135062012556,-76.93035627052389
38.83135062012556,-76.92676930700608
38.83135062012556,-76.92318234348828
38.83135062012556,-76.91959537997047
38.83135062012556,-76.91600841645267
38.83135062012556,-76.91242145293486
38.834138214337315,-77.11329140993192
38.834138214337315,-77.10970444641411
38.834138214337315,-77.10611748289631
38.834138214337315,-77.1025305193785
38.834138214337315,-77.0989435558607
38.834138214337315,-77.0953565923429
38.834138214337315,-77.09176962882509
38.834138214337315,-77.08818266530729
38.834138214337315,-77.08459570178948
38.834138214337315,-77.08100873827168
38.834138214337315,-77.07742177475387
38.834138214337315,-77.07383481123607
38.834138214337315,-77.07024784771826
38.834138214337315,-77.06666088420046
38.834138214337315,-77.06307392068265
38.834138214337315,-77.05948695716485
38.834138214337315,-77.05589999364705
38.834138214337315,-77.05231303012924
38.834138214337315,-77.04872606661144
38.834138214337315,-77.04513910309363
38.834138214337315,-77.04155213957583
38.834138214337315,-77.03796517605802
38.834138214337315,-77.03437821254022
38.834138214337315,-77.03079124902241
38.834138214337315,-77.02720428550461
38.834138214337315,-77.0236173219868
38.834138214337315,-77.020030358469
38.834138214337315,-77.0164433949512
38.834138214337315,-77.01285643143339
38.834138214337315,-77.00926946791559
38.834138214337315,-77.00568250439778
38.834138214337315,-77.00209554087998
38.834138214337315,-76.99850857736217
38.834138214337315,-76.99492161384437
38.834138214337315,-76.99133465032656
38.834138214337315,-76.98774768680876
38.834138214337315,-76.98416072329096
38.834138214337315,-76.98057375977315
38.834138214337315,-76.97698679625535
38.834138214337315,-76.97339983273754
38.834138214337315,-76.96981286921974
38.834138214337315,-76.96622590570193
38.834138214337315,-76.96263894218413
38.834138214337315,-76.95905197866632
38.834138214337315,-76.95546501514852
38.834138214337315,-76.95187805163071
38.834138214337315,-76.94829108811291
38.834138214337315,-76.9447041245951
38.834138214337315,-76.9411171610773
38.834138214337315,-76.9375301975595
38.834138214337315,-76.93394323404169
38.834138214337315,-76.93035627052389
38.834138214337315,-76.92676930700608
38.834138214337315,-76.92318234348828
38.834138214337315,-76.91959537997047
38.834138214337315,-76.91600841645267
38.834138214337315,-76.91242145293486
38.83692580854907,-77.11329140993192
38.83692580854907,-77.10970444641411
38.83692580854907,-77.10611748289631
38.83692580854907,-77.1025305193785
38.83692580854907,-77.0989435558607
38.83692580854907,-77.0953565923429
38.83692580854907,-77.09176962882509
38.83692580854907,-77.08818266530729
38.83692580854907,-77.08459570178948
38.83692580854907,-77.08100873827168
38.83692580854907,-77.07742177475387
38.83692580854907,-77.07383481123607
38.83692580854907,-77.07024784771826
38.83692580854907,-77.06666088420046
38.83692580854907,-77.06307392068265
38.83692580854907,-77.05948695716485
38.83692580854907,-77.05589999364705
38.83692580854907,-77.05231303012924
38.83692580854907,-77.04872606661144
38.83692580854907,-77.04513910309363
38.83692580854907,-77.04155213957583
38.83692580854907,-77.03796517605802
38.83692580854907,-77.03437821254022
38.83692580854907,-77.03079124902241
38.83692580854907,-77.02720428550461
38.83692580854907,-77.0236173219868
38.83692580854907,-77.020030358469
38.83692580854907,-77.0164433949512
38.83692580854907,-77.01285643143339
38.83692580854907,-77.00926946791559
38.83692580854907,-77.00568250439778
38.83692580854907,-77.00209554087998
38.83692580854907,-76.99850857736217
38.83692580854907,-76.99492161384437
38.83692580854907,-76.99133465032656
38.83692580854907,-76.98774768680876
38.83692580854907,-76.98416072329096
38.83692580854907,-76.98057375977315
38.83692580854907,-76.97698679625535
38.83692580854907,-76.97339983273754
38.83692580854907,-76.96981286921974
38.83692580854907,-76.96622590570193
38.83692580854907,-76.96263894218413
38.83692580854907,-76.95905197866632
38.83692580854907,-76.95546501514852
38.83692580854907,-76.95187805163071
38.83692580854907,-76.94829108811291
38.83692580854907,-76.9447041245951
38.83692580854907,-76.9411171610773
38.83692580854907,-76.9375301975595
38.83692580854907,-76.93394323404169
38.83692580854907,-76.93035627052389
38.83692580854907,-76.92676930700608
38.83692580854907,-76.92318234348828
38.83692580854907,-76.91959537997047
38.83692580854907,-76.91600841645267
38.83692580854907,-76.91242145293486
38.83971340276082,-77.11329140993192
38.83971340276082,-77.10970444641411
38.83971340276082,-77.10611748289631
38.83971340276082,-77.1025305193785
38.83971340276082,-77.0989435558607
38.83971340276082,-77.0953565923429
38.83971340276082,-77.09176962882509
38.83971340276082,-77.08818266530729
38.83971340276082,-77.08459570178948
38.83971340276082,-77.08100873827168
38.83971340276082,-77.07742177475387
38.83971340276082,-77.07383481123607
38.83971340276082,-77.07024784771826
38.83971340276082,-77.06666088420046
38.83971340276082,-77.06307392068265
38.83971340276082,-77.05948695716485
38.83971340276082,-77.05589999364705
38.83971340276082,-77.05231303012924
38.83971340276082,-77.04872606661144
38.83971340276082,-77.04513910309363
38.83971340276082,-77.04155213957583
38.83971340276082,-77.03796517605802
38.83971340276082,-77.03437821254022
38.83971340276082,-77.03079124902241
38.83971340276082,-77.02720428550461
38.83971340276082,-77.0236173219868
38.83971340276082,-77.020030358469
38.83971340276082,-77.0164433949512
38.83971340276082,-77.01285643143339
38.83971340276082,-77.00926946791559
38.83971340276082,-77.00568250439778
38.83971340276082,-77.00209554087998
38.83971340276082,-76.99850857736217
38.83971340276082,-76.99492161384437
38.83971340276082,-76.99133465032656
38.83971340276082,-76.98774768680876
38.83971340276082,-76.98416072329096
38.83971340276082,-76.98057375977315
38.83971340276082,-76.97698679625535
38.83971340276082,-76.97339983273754
38.83971340276082,-76.96981286921974
38.83971340276082,-76.96622590570193
38.83971340276082,-76.96263894218413
38.83971340276082,-76.95905197866632
38.83971340276082,-76.95546501514852
38.83971340276082,-76.95187805163071
38.83971340276082,-76.94829108811291
38.83971340276082,-76.9447041245951
38.83971340276082,-76.9411171610773
38.83971340276082,-76.9375301975595
38.83971340276082,-76.93394323404169
38.83971340276082,-76.93035627052389
38.83971340276082,-76.92676930700608
38.83971340276082,-76.92318234348828
38.83971340276082,-76.91959537997047
38.83971340276082,-76.91600841645267
38.83971340276082,-76.91242145293486
38.842500996972575,-77.11329140993192
38.842500996972575,-77.10970444641411
38.842500996972575,-77.10611748289631
38.842500996972575,-77.1025305193785
38.842500996972575,-77.0989435558607
38.842500996972575,-77.0953565923429
38.842500996972575,-77.09176962882509
38.842500996972575,-77.08818266530729
38.842500996972575,-77.08459570178948
38.842500996972575,-77.08100873827168
38.842500996972575,-77.07742177475387
38.842500996972575,-77.07383481123607
38.842500996972575,-77.07024784771826
38.842500996972575,-77.06666088420046
38.842500996972575,-77.06307392068265
38.842500996972575,-77.05948695716485
38.842500996972575,-77.05589999364705
38.842500996972575,-77.05231303012924
38.842500996972575,-77.04872606661144
38.842500996972575,-77.04513910309363
38.842500996972575,-77.04155213957583
38.842500996972575,-77.03796517605802
38.842500996972575,-77.03437821254022
38.842500996972575,-77.03079124902241
38.842500996972575,-77.02720428550461
38.842500996972575,-77.0236173219868
38.842500996972575,-77.020030358469
38.842500996972575,-77.0164433949512
38.842500996972575,-77.01285643143339
38.842500996972575,-77.00926946791559
38.842500996972575,-77.00568250439778
38.842500996972575,-77.00209554087998
38.842500996972575,-76.99850857736217
38.842500996972575,-76.99492161384437
38.842500996972575,-76.99133465032656
38.842500996972575,-76.98774768680876
38.842500996972575,-76.98416072329096
38.842500996972575,-76.98057375977315
38.842500996972575,-76.97698679625535
38.842500996972575,-76.97339983273754
38.842500996972575,-76.96981286921974
38.842500996972575,-76.96622590570193
38.842500996972575,-76.96263894218413
38.842500996972575,-76.95905197866632
38.842500996972575,-76.95546501514852
38.842500996972575,-76.95187805163071
38.842500996972575,-76.94829108811291
38.842500996972575,-76.9447041245951
38.842500996972575,-76.9411171610773
38.842500996972575,-76.9375301975595
38.842500996972575,-76.93394323404169
38.842500996972575,-76.93035627052389
38.842500996972575,-76.92676930700608
38.842500996972575,-76.92318234348828
38.842500996972575,-76.91959537997047
38.842500996972575,-76.91600841645267
38.842500996972575,-76.91242145293486
38.84528859118433,-77.11329140993192
38.84528859118433,-77.10970444641411
38.84528859118433,-77.10611748289631
38.84528859118433,-77.1025305193785
38.84528859118433,-77.0989435558607
38.84528859118433,-77.0953565923429
38.84528859118433,-77.09176962882509
38.84528859118433,-77.08818266530729
38.84528859118433,-77.08459570178948
38.84528859118433,-77.08100873827168
38.84528859118433,-77.07742177475387
38.84528859118433,-77.07383481123607
38.84528859118433,-77.07024784771826
38.84528859118433,-77.06666088420046
38.84528859118433,-77.06307392068265
38.84528859118433,-77.05948695716485
38.84528859118433,-77.05589999364705
38.84528859118433,-77.05231303012924
38.84528859118433,-77.04872606661144
38.84528859118433,-77.04513910309363
38.84528859118433,-77.04155213957583
38.84528859118433,-77.03796517605802
38.84528859118433,-77.03437821254022
38.84528859118433,-77.03079124902241
38.84528859118433,-77.02720428550461
38.84528859118433,-77.0236173219868
38.84528859118433,-77.020030358469
38.84528859118433,-77.0164433949512
38.84528859118433,-77.01285643143339
38.84528859118433,-77.00926946791559
38.84528859118433,-77.00568250439778
38.84528859118433,-77.00209554087998
38.84528859118433,-76.99850857736217
38.84528859118433,-76.99492161384437
38.84528859118433,-76.99133465032656
38.84528859118433,-76.98774768680876
38.84528859118433,-76.98416072329096
38.84528859118433,-76.98057375977315
38.84528859118433,-76.97698679625535
38.84528859118433,-76.97339983273754
38.84528859118433,-76.96981286921974
38.84528859118433,-76.96622590570193
38.84528859118433,-76.96263894218413
38.84528859118433,-76.95905197866632
38.84528859118433,-76.95546501514852
38.84528859118433,-76.95187805163071
38.84528859118433,-76.94829108811291
38.84528859118433,-76.9447041245951
38.84528859118433,-76.9411171610773
38.84528859118433,-76.9375301975595
38.84528859118433,-76.93394323404169
38.84528859118433,-76.93035627052389
38.84528859118433,-76.92676930700608
38.84528859118433,-76.92318234348828
38.84528859118433,-76.91959537997047
38.84528859118433,-76.91600841645267
38.84528859118433,-76.91242145293486
38.84807618539608,-77.11329140993192
38.84807618539608,-77.10970444641411
38.84807618539608,-77.10611748289631
38.84807618539608,-77.1025305193785
38.84807618539608,-77.0989435558607
38.84807618539608,-77.0953565923429
38.84807618539608,-77.09176962882509
38.84807618539608,-77.08818266530729
38.84807618539608,-77.08459570178948
38.84807618539608,-77.08100873827168
38.84807618539608,-77.07742177475387
38.84807618539608,-77.07383481123607
38.84807618539608,-77.07024784771826
38.84807618539608,-77.06666088420046
38.84807618539608,-77.06307392068265
38.84807618539608,-77.05948695716485
38.84807618539608,-77.05589999364705
38.84807618539608,-77.05231303012924
38.84807618539608,-77.04872606661144
38.84807618539608,-77.04513910309363
38.84807618539608,-77.04155213957583
38.84807618539608,-77.03796517605802
38.84807618539608,-77.03437821254022
38.84807618539608,-77.03079124902241
38.84807618539608,-77.02720428550461
38.84807618539608,-77.0236173219868
38.84807618539608,-77.020030358469
38.84807618539608,-77.0164433949512
38.84807618539608,-77.01285643143339
38.84807618539608,-77.00926946791559
38.84807618539608,-77.00568250439778
38.84807618539608,-77.00209554087998
38.84807618539608,-76.99850857736217
38.84807618539608,-76.99492161384437
38.84807618539608,-76.99133465032656
38.84807618539608,-76.98774768680876
38.84807618539608,-76.98416072329096
38.84807618539608,-76.98057375977315
38.84807618539608,-76.97698679625535
38.84807618539608,-76.97339983273754
38.84807618539608,-76.96981286921974
38.84807618539608,-76.96622590570193
38.84807618539608,-76.96263894218413
38.84807618539608,-76.95905197866632
38.84807618539608,-76.95546501514852
38.84807618539608,-76.95187805163071
38.84807618539608,-76.94829108811291
38.84807618539608,-76.9447041245951
38.84807618539608,-76.9411171610773
38.84807618539608,-76.9375301975595
38.84807618539608,-76.93394323404169
38.84807618539608,-76.93035627052389
38.84807618539608,-76.92676930700608
38.84807618539608,-76.92318234348828
38.84807618539608,-76.91959537997047
38.84807618539608,-76.91600841645267
38.84807618539608,-76.91242145293486
38.850863779607835,-77.11329140993192
38.850863779607835,-77.10970444641411
38.850863779607835,-77.10611748289631
38.850863779607835,-77.1025305193785
38.850863779607835,-77.0989435558607
38.850863779607835,-77.0953565923429
38.850863779607835,-77.09176962882509
38.850863779607835,-77.08818266530729
38.850863779607835,-77.08459570178948
38.850863779607835,-77.08100873827168
38.850863779607835,-77.07742177475387
38.850863779607835,-77.07383481123607
38.850863779607835,-77.07024784771826
38.850863779607835,-77.06666088420046
38.850863779607835,-77.06307392068265
38.850863779607835,-77.05948695716485
38.850863779607835,-77.05589999364705
38.850863779607835,-77.05231303012924
38.850863779607835,-77.04872606661144
38.850863779607835,-77.04513910309363
38.850863779607835,-77.04155213957583
38.850863779607835,-77.03796517605802
38.850863779607835,-77.03437821254022
38.850863779607835,-77.03079124902241
38.850863779607835,-77.02720428550461
38.850863779607835,-77.0236173219868
38.850863779607835,-77.020030358469
38.850863779607835,-77.0164433949512
38.850863779607835,-77.01285643143339
38.850863779607835,-77.00926946791559
38.850863779607835,-77.00568250439778
38.850863779607835,-77.00209554087998
38.850863779607835,-76.99850857736217
38.850863779607835,-76.99492161384437
38.850863779607835,-76.99133465032656
38.850863779607835,-76.98774768680876
38.850863779607835,-76.98416072329096
38.850863779607835,-76.98057375977315
38.850863779607835,-76.97698679625535
38.850863779607835,-76.97339983273754
38.850863779607835,-76.96981286921974
38.850863779607835,-76.96622590570193
38.850863779607835,-76.96263894218413
38.850863779607835,-76.95905197866632
38.850863779607835,-76.95546501514852
38.850863779607835,-76.95187805163071
38.850863779607835,-76.94829108811291
38.850863779607835,-76.9447041245951
38.850863779607835,-76.9411171610773
38.850863779607835,-76.9375301975595
38.850863779607835,-76.93394323404169
38.850863779607835,-76.93035627052389
38.850863779607835,-76.92676930700608
38.850863779607835,-76.92318234348828
38.850863779607835,-76.91959537997047
38.850863779607835,-76.91600841645267
38.850863779607835,-76.91242145293486
38.85365137381959,-77.11329140993192
38.85365137381959,-77.10970444641411
38.85365137381959,-77.10611748289631
38.85365137381959,-77.1025305193785
38.85365137381959,-77.0989435558607
38.85365137381959,-77.0953565923429
38.85365137381959,-77.09176962882509
38.85365137381959,-77.08818266530729
38.85365137381959,-77.08459570178948
38.85365137381959,-77.08100873827168
38.85365137381959,-77.07742177475387
38.85365137381959,-77.07383481123607
38.85365137381959,-77.07024784771826
38.85365137381959,-77.06666088420046
38.85365137381959,-77.06307392068265
38.85365137381959,-77.05948695716485
38.85365137381959,-77.05589999364705
38.85365137381959,-77.05231303012924
38.85365137381959,-77.04872606661144
38.85365137381959,-77.04513910309363
38.85365137381959,-77.04155213957583
38.85365137381959,-77.03796517605802
38.85365137381959,-77.03437821254022
38.85365137381959,-77.03079124902241
38.85365137381959,-77.02720428550461
38.85365137381959,-77.0236173219868
38.85365137381959,-77.020030358469
38.85365137381959,-77.0164433949512
38.85365137381959,-77.01285643143339
38.85365137381959,-77.00926946791559
38.85365137381959,-77.00568250439778
38.85365137381959,-77.00209554087998
38.85365137381959,-76.99850857736217
38.85365137381959,-76.99492161384437
38.85365137381959,-76.99133465032656
38.85365137381959,-76.98774768680876
38.85365137381959,-76.98416072329096
38.85365137381959,-76.98057375977315
38.85365137381959,-76.97698679625535
38.85365137381959,-76.97339983273754
38.85365137381959,-76.96981286921974
38.85365137381959,-76.96622590570193
38.85365137381959,-76.96263894218413
38.85365137381959,-76.95905197866632
38.85365137381959,-76.95546501514852
38.85365137381959,-76.95187805163071
38.85365137381959,-76.94829108811291
38.85365137381959,-76.9447041245951
38.85365137381959,-76.9411171610773
38.85365137381959,-76.9375301975595
38.85365137381959,-76.93394323404169
38.85365137381959,-76.93035627052389
38.85365137381959,-76.92676930700608
38.85365137381959,-76.92318234348828
38.85365137381959,-76.91959537997047
38.85365137381959,-76.91600841645267
38.85365137381959,-76.91242145293486
38.85643896803134,-77.11329140993192
38.85643896803134,-77.10970444641411
38.85643896803134,-77.10611748289631
38.85643896803134,-77.1025305193785
38.85643896803134,-77.0989435558607
38.85643896803134,-77.0953565923429
38.85643896803134,-77.09176962882509
38.85643896803134,-77.08818266530729
38.85643896803134,-77.08459570178948
38.85643896803134,-77.08100873827168
38.85643896803134,-77.07742177475387
38.85643896803134,-77.07383481123607
38.85643896803134,-77.07024784771826
38.85643896803134,-77.06666088420046
38.85643896803134,-77.06307392068265
38.85643896803134,-77.05948695716485
38.85643896803134,-77.05589999364705
38.85643896803134,-77.05231303012924
38.85643896803134,-77.04872606661144
38.85643896803134,-77.04513910309363
38.85643896803134,-77.04155213957583
38.85643896803134,-77.03796517605802
38.85643896803134,-77.03437821254022
38.85643896803134,-77.03079124902241
38.85643896803134,-77.02720428550461
38.85643896803134,-77.0236173219868
38.85643896803134,-77.020030358469
38.85643896803134,-77.0164433949512
38.85643896803134,-77.01285643143339
38.85643896803134,-77.00926946791559
38.85643896803134,-77.00568250439778
38.85643896803134,-77.00209554087998
38.85643896803134,-76.99850857736217
38.85643896803134,-76.99492161384437
38.85643896803134,-76.99133465032656
38.85643896803134,-76.98774768680876
38.85643896803134,-76.98416072329096
38.85643896803134,-76.98057375977315
38.85643896803134,-76.97698679625535
38.85643896803134,-76.97339983273754
38.85643896803134,-76.96981286921974
38.85643896803134,-76.96622590570193
38.85643896803134,-76.96263894218413
38.85643896803134,-76.95905197866632
38.85643896803134,-76.95546501514852
38.85643896803134,-76.95187805163071
38.85643896803134,-76.94829108811291
38.85643896803134,-76.9447041245951
38.85643896803134,-76.9411171610773
38.85643896803134,-76.9375301975595
38.85643896803134,-76.93394323404169
38.85643896803134,-76.93035627052389
38.85643896803134,-76.92676930700608
38.85643896803134,-76.92318234348828
38.85643896803134,-76.91959537997047
38.85643896803134,-76.91600841645267
38.85643896803134,-76.91242145293486
38.859226562243094,-77.11329140993192
38.859226562243094,-77.10970444641411
38.859226562243094,-77.10611748289631
38.859226562243094,-77.1025305193785
38.859226562243094,-77.0989435558607
38.859226562243094,-77.0953565923429
38.859226562243094,-77.09176962882509
38.859226562243094,-77.08818266530729
38.859226562243094,-77.08459570178948
38.859226562243094,-77.08100873827168
38.859226562243094,-77.07742177475387
38.859226562243094,-77.07383481123607
38.859226562243094,-77.07024784771826
38.859226562243094,-77.06666088420046
38.859226562243094,-77.06307392068265
38.859226562243094,-77.05948695716485
38.859226562243094,-77.05589999364705
38.859226562243094,-77.05231303012924
38.859226562243094,-77.04872606661144
38.859226562243094,-77.04513910309363
38.859226562243094,-77.04155213957583
38.859226562243094,-77.03796517605802
38.859226562243094,-77.03437821254022
38.859226562243094,-77.03079124902241
38.859226562243094,-77.02720428550461
38.859226562243094,-77.0236173219868
38.859226562243094,-77.020030358469
38.859226562243094,-77.0164433949512
38.859226562243094,-77.01285643143339
38.859226562243094,-77.00926946791559
38.859226562243094,-77.00568250439778
38.859226562243094,-77.00209554087998
38.859226562243094,-76.99850857736217
38.859226562243094,-76.99492161384437
38.859226562243094,-76.99133465032656
38.859226562243094,-76.98774768680876
38.859226562243094,-76.98416072329096
38.859226562243094,-76.98057375977315
38.859226562243094,-76.97698679625535
38.859226562243094,-76.97339983273754
38.859226562243094,-76.96981286921974
38.859226562243094,-76.96622590570193
38.859226562243094,-76.96263894218413
38.859226562243094,-76.95905197866632
38.859226562243094,-76.95546501514852
38.859226562243094,-76.95187805163071
38.859226562243094,-76.94829108811291
38.859226562243094,-76.9447041245951
38.859226562243094,-76.9411171610773
38.859226562243094,-76.9375301975595
38.859226562243094,-76.93394323404169
38.859226562243094,-76.93035627052389
38.859226562243094,-76.92676930700608
38.859226562243094,-76.92318234348828
38.859226562243094,-76.91959537997047
38.859226562243094,-76.91600841645267
38.859226562243094,-76.91242145293486
38.86201415645485,-77.11329140993192
38.86201415645485,-77.10970444641411
38.86201415645485,-77.10611748289631
38.86201415645485,-77.1025305193785
38.86201415645485,-77.0989435558607
38.86201415645485,-77.0953565923429
38.86201415645485,-77.09176962882509
38.86201415645485,-77.08818266530729
38.86201415645485,-77.08459570178948
38.86201415645485,-77.08100873827168
38.86201415645485,-77.07742177475387
38.86201415645485,-77.07383481123607
38.86201415645485,-77.07024784771826
38.86201415645485,-77.06666088420046
38.86201415645485,-77.06307392068265
38.86201415645485,-77.05948695716485
38.86201415645485,-77.05589999364705
38.86201415645485,-77.05231303012924
38.86201415645485,-77.04872606661144
38.86201415645485,-77.04513910309363
38.86201415645485,-77.04155213957583
38.86201415645485,-77.03796517605802
38.86201415645485,-77.03437821254022
38.86201415645485,-77.03079124902241
38.86201415645485,-77.02720428550461
38.86201415645485,-77.0236173219868
38.86201415645485,-77.020030358469
38.86201415645485,-77.0164433949512
38.86201415645485,-77.01285643143339
38.86201415645485,-77.00926946791559
38.86201415645485,-77.00568250439778
38.86201415645485,-77.00209554087998
38.86201415645485,-76.99850857736217
38.86201415645485,-76.99492161384437
38.86201415645485,-76.99133465032656
38.86201415645485,-76.98774768680876
38.86201415645485,-76.98416072329096
38.86201415645485,-76.98057375977315
38.86201415645485,-76.97698679625535
38.86201415645485,-76.97339983273754
38.86201415645485,-76.96981286921974
38.86201415645485,-76.96622590570193
38.86201415645485,-76.96263894218413
38.86201415645485,-76.95905197866632
38.86201415645485,-76.95546501514852
38.86201415645485,-76.95187805163071
38.86201415645485,-76.94829108811291
38.86201415645485,-76.9447041245951
38.86201415645485,-76.9411171610773
38.86201415645485,-76.9375301975595
38.86201415645485,-76.93394323404169
38.86201415645485,-76.93035627052389
38.86201415645485,-76.92676930700608
38.86201415645485,-76.92318234348828
38.86201415645485,-76.91959537997047
38.86201415645485,-76.91600841645267
38.86201415645485,-76.91242145293486
38.8648017506666,-77.11329140993192
38.8648017506666,-77.10970444641411
38.8648017506666,-77.10611748289631
38.8648017506666,-77.1025305193785
38.8648017506666,-77.0989435558607
38.8648017506666,-77.0953565923429
38.8648017506666,-77.09176962882509
38.8648017506666,-77.08818266530729
38.8648017506666,-77.08459570178948
38.8648017506666,-77.08100873827168
38.8648017506666,-77.07742177475387
38.8648017506666,-77.07383481123607
38.8648017506666,-77.07024784771826
38.8648017506666,-77.06666088420046
38.8648017506666,-77.06307392068265
38.8648017506666,-77.05948695716485
38.8648017506666,-77.05589999364705
38.8648017506666,-77.05231303012924
38.8648017506666,-77.04872606661144
38.8648017506666,-77.04513910309363
38.8648017506666,-77.04155213957583
38.8648017506666,-77.03796517605802
38.8648017506666,-77.03437821254022
38.8648017506666,-77.03079124902241
38.8648017506666,-77.02720428550461
38.8648017506666,-77.0236173219868
38.8648017506666,-77.020030358469
38.8648017506666,-77.0164433949512
38.8648017506666,-77.01285643143339
38.8648017506666,-77.00926946791559
38.8648017506666,-77.00568250439778
38.8648017506666,-77.00209554087998
38.8648017506666,-76.99850857736217
38.8648017506666,-76.99492161384437
38.8648017506666,-76.99133465032656
38.8648017506666,-76.98774768680876
38.8648017506666,-76.98416072329096
38.8648017506666,-76.98057375977315
38.8648017506666,-76.97698679625535
38.8648017506666,-76.97339983273754
38.8648017506666,-76.96981286921974
38.8648017506666,-76.96622590570193
38.8648017506666,-76.96263894218413
38.8648017506666,-76.95905197866632
38.8648017506666,-76.95546501514852
38.8648017506666,-76.95187805163071
38.8648017506666,-76.94829108811291
38.8648017506666,-76.9447041245951
38.8648017506666,-76.9411171610773
38.8648017506666,-76.9375301975595
38.8648017506666,-76.93394323404169
38.8648017506666,-76.93035627052389
38.8648017506666,-76.92676930700608
38.8648017506666,-76.92318234348828
38.8648017506666,-76.91959537997047
38.8648017506666,-76.91600841645267
38.8648017506666,-76.91242145293486
38.867589344878354,-77.11329140993192
38.867589344878354,-77.10970444641411
38.867589344878354,-77.10611748289631
38.867589344878354,-77.1025305193785
38.867589344878354,-77.0989435558607
38.867589344878354,-77.0953565923429
38.867589344878354,-77.09176962882509
38.867589344878354,-77.08818266530729
38.867589344878354,-77.08459570178948
38.867589344878354,-77.08100873827168
38.867589344878354,-77.07742177475387
38.867589344878354,-77.07383481123607
38.867589344878354,-77.07024784771826
38.867589344878354,-77.06666088420046
38.867589344878354,-77.06307392068265
38.867589344878354,-77.05948695716485
38.867589344878354,-77.05589999364705
38.867589344878354,-77.05231303012924
38.867589344878354,-77.04872606661144
38.867589344878354,-77.04513910309363
38.867589344878354,-77.04155213957583
38.867589344878354,-77.03796517605802
38.867589344878354,-77.03437821254022
38.867589344878354,-77.03079124902241
38.867589344878354,-77.02720428550461
38.867589344878354,-77.0236173219868
38.867589344878354,-77.020030358469
38.867589344878354,-77.0164433949512
38.867589344878354,-77.01285643143339
38.867589344878354,-77.00926946791559
38.867589344878354,-77.00568250439778
38.867589344878354,-77.00209554087998
38.867589344878354,-76.99850857736217
38.867589344878354,-76.99492161384437
38.867589344878354,-76.99133465032656
38.867589344878354,-76.98774768680876
38.867589344878354,-76.98416072329096
38.867589344878354,-76.98057375977315
38.867589344878354,-76.97698679625535
38.867589344878354,-76.97339983273754
38.867589344878354,-76.96981286921974
38.867589344878354,-76.96622590570193
38.867589344878354,-76.96263894218413
38.867589344878354,-76.95905197866632
38.867589344878354,-76.95546501514852
38.867589344878354,-76.95187805163071
38.867589344878354,-76.94829108811291
38.867589344878354,-76.9447041245951
38.867589344878354,-76.9411171610773
38.867589344878354,-76.9375301975595
38.867589344878354,-76.93394323404169
38.867589344878354,-76.93035627052389
38.867589344878354,-76.92676930700608
38.867589344878354,-76.92318234348828
38.867589344878354,-76.91959537997047
38.867589344878354,-76.91600841645267
38.867589344878354,-76.91242145293486
38.87037693909011,-77.11329140993192
38.87037693909011,-77.10970444641411
38.87037693909011,-77.10611748289631
38.87037693909011,-77.1025305193785
38.87037693909011,-77.0989435558607
38.87037693909011,-77.0953565923429
38.87037693909011,-77.09176962882509
38.87037693909011,-77.08818266530729
38.87037693909011,-77.08459570178948
38.87037693909011,-77.08100873827168
38.87037693909011,-77.07742177475387
38.87037693909011,-77.07383481123607
38.87037693909011,-77.07024784771826
38.87037693909011,-77.06666088420046
38.87037693909011,-77.06307392068265
38.87037693909011,-77.05948695716485
38.87037693909011,-77.05589999364705
38.87037693909011,-77.05231303012924
38.87037693909011,-77.04872606661144
38.87037693909011,-77.04513910309363
38.87037693909011,-77.04155213957583
38.87037693909011,-77.03796517605802
38.87037693909011,-77.03437821254022
38.87037693909011,-77.03079124902241
38.87037693909011,-77.02720428550461
38.87037693909011,-77.0236173219868
38.87037693909011,-77.020030358469
38.87037693909011,-77.0164433949512
38.87037693909011,-77.01285643143339
38.87037693909011,-77.00926946791559
38.87037693909011,-77.00568250439778
38.87037693909011,-77.00209554087998
38.87037693909011,-76.99850857736217
38.87037693909011,-76.99492161384437
38.87037693909011,-76.99133465032656
38.87037693909011,-76.98774768680876
38.87037693909011,-76.98416072329096
38.87037693909011,-76.98057375977315
38.87037693909011,-76.97698679625535
38.87037693909011,-76.97339983273754
38.87037693909011,-76.96981286921974
38.87037693909011,-76.96622590570193
38.87037693909011,-76.96263894218413
38.87037693909011,-76.95905197866632
38.87037693909011,-76.95546501514852
38.87037693909011,-76.95187805163071
38.87037693909011,-76.94829108811291
38.87037693909011,-76.9447041245951
38.87037693909011,-76.9411171610773
38.87037693909011,-76.9375301975595
38.87037693909011,-76.93394323404169
38.87037693909011,-76.93035627052389
38.87037693909011,-76.92676930700608
38.87037693909011,-76.92318234348828
38.87037693909011,-76.91959537997047
38.87037693909011,-76.91600841645267
38.87037693909011,-76.91242145293486
38.87316453330186,-77.11329140993192
38.87316453330186,-77.10970444641411
38.87316453330186,-77.10611748289631
38.87316453330186,-77.1025305193785
38.87316453330186,-77.0989435558607
38.87316453330186,-77.0953565923429
38.87316453330186,-77.09176962882509
38.87316453330186,-77.08818266530729
38.87316453330186,-77.08459570178948
38.87316453330186,-77.08100873827168
38.87316453330186,-77.07742177475387
38.87316453330186,-77.07383481123607
38.87316453330186,-77.07024784771826
38.87316453330186,-77.06666088420046
38.87316453330186,-77.06307392068265
38.87316453330186,-77.05948695716485
38.87316453330186,-77.05589999364705
38.87316453330186,-77.05231303012924
38.87316453330186,-77.04872606661144
38.87316453330186,-77.04513910309363
38.87316453330186,-77.04155213957583
38.87316453330186,-77.03796517605802
38.87316453330186,-77.03437821254022
38.87316453330186,-77.03079124902241
38.87316453330186,-77.02720428550461
38.87316453330186,-77.0236173219868
38.87316453330186,-77.020030358469
38.87316453330186,-77.0164433949512
38.87316453330186,-77.01285643143339
38.87316453330186,-77.00926946791559
38.87316453330186,-77.00568250439778
38.87316453330186,-77.00209554087998
38.87316453330186,-76.99850857736217
38.87316453330186,-76.99492161384437
38.87316453330186,-76.99133465032656
38.87316453330186,-76.98774768680876
38.87316453330186,-76.98416072329096
38.87316453330186,-76.98057375977315
38.87316453330186,-76.97698679625535
38.87316453330186,-76.97339983273754
38.87316453330186,-76.96981286921974
38.87316453330186,-76.96622590570193
38.87316453330186,-76.96263894218413
38.87316453330186,-76.95905197866632
38.87316453330186,-76.95546501514852
38.87316453330186,-76.95187805163071
38.87316453330186,-76.94829108811291
38.87316453330186,-76.9447041245951
38.87316453330186,-76.9411171610773
38.87316453330186,-76.9375301975595
38.87316453330186,-76.93394323404169
38.87316453330186,-76.93035627052389
38.87316453330186,-76.92676930700608
38.87316453330186,-76.92318234348828
38.87316453330186,-76.91959537997047
38.87316453330186,-76.91600841645267
38.87316453330186,-76.91242145293486
38.875952127513614,-77.11329140993192
38.875952127513614,-77.10970444641411
38.875952127513614,-77.10611748289631
38.875952127513614,-77.1025305193785
38.875952127513614,-77.0989435558607
38.875952127513614,-77.0953565923429
38.875952127513614,-77.09176962882509
38.875952127513614,-77.08818266530729
38.875952127513614,-77.08459570178948
38.875952127513614,-77.08100873827168
38.875952127513614,-77.07742177475387
38.875952127513614,-77.07383481123607
38.875952127513614,-77.07024784771826
38.875952127513614,-77.06666088420046
38.875952127513614,-77.06307392068265
38.875952127513614,-77.05948695716485
38.875952127513614,-77.05589999364705
38.875952127513614,-77.05231303012924
38.875952127513614,-77.04872606661144
38.875952127513614,-77.04513910309363
38.875952127513614,-77.04155213957583
38.875952127513614,-77.03796517605802
38.875952127513614,-77.03437821254022
38.875952127513614,-77.03079124902241
38.875952127513614,-77.02720428550461
38.875952127513614,-77.0236173219868
38.875952127513614,-77.020030358469
38.875952127513614,-77.0164433949512
38.875952127513614,-77.01285643143339
38.875952127513614,-77.00926946791559
38.875952127513614,-77.00568250439778
38.875952127513614,-77.00209554087998
38.875952127513614,-76.99850857736217
38.875952127513614,-76.99492161384437
38.875952127513614,-76.99133465032656
38.875952127513614,-76.98774768680876
38.875952127513614,-76.98416072329096
38.875952127513614,-76.98057375977315
38.875952127513614,-76.97698679625535
38.875952127513614,-76.97339983273754
38.875952127513614,-76.96981286921974
38.875952127513614,-76.96622590570193
38.875952127513614,-76.96263894218413
38.875952127513614,-76.95905197866632
38.875952127513614,-76.95546501514852
38.875952127513614,-76.95187805163071
38.875952127513614,-76.94829108811291
38.875952127513614,-76.9447041245951
38.875952127513614,-76.9411171610773
38.875952127513614,-76.9375301975595
38.875952127513614,-76.93394323404169
38.875952127513614,-76.93035627052389
38.875952127513614,-76.92676930700608
38.875952127513614,-76.92318234348828
38.875952127513614,-76.91959537997047
38.875952127513614,-76.91600841645267
38.875952127513614,-76.91242145293486
38.87873972172537,-77.11329140993192
38.87873972172537,-77.10970444641411
38.87873972172537,-77.10611748289631
38.87873972172537,-77.1025305193785
38.87873972172537,-77.0989435558607
38.87873972172537,-77.0953565923429
38.87873972172537,-77.09176962882509
38.87873972172537,-77.08818266530729
38.87873972172537,-77.08459570178948
38.87873972172537,-77.08100873827168
38.87873972172537,-77.07742177475387
38.87873972172537,-77.07383481123607
38.87873972172537,-77.07024784771826
38.87873972172537,-77.06666088420046
38.87873972172537,-77.06307392068265
38.87873972172537,-77.05948695716485
38.87873972172537,-77.05589999364705
38.87873972172537,-77.05231303012924
38.87873972172537,-77.04872606661144
38.87873972172537,-77.04513910309363
38.87873972172537,-77.04155213957583
38.87873972172537,-77.03796517605802
38.87873972172537,-77.03437821254022
38.87873972172537,-77.03079124902241
38.87873972172537,-77.02720428550461
38.87873972172537,-77.0236173219868
38.87873972172537,-77.020030358469
38.87873972172537,-77.0164433949512
38.87873972172537,-77.01285643143339
38.87873972172537,-77.00926946791559
38.87873972172537,-77.00568250439778
38.87873972172537,-77.00209554087998
38.87873972172537,-76.99850857736217
38.87873972172537,-76.99492161384437
38.87873972172537,-76.99133465032656
38.87873972172537,-76.98774768680876
38.87873972172537,-76.98416072329096
38.87873972172537,-76.98057375977315
38.87873972172537,-76.97698679625535
38.87873972172537,-76.97339983273754
38.87873972172537,-76.96981286921974
38.87873972172537,-76.96622590570193
38.87873972172537,-76.96263894218413
38.87873972172537,-76.95905197866632
38.87873972172537,-76.95546501514852
38.87873972172537,-76.95187805163071
38.87873972172537,-76.94829108811291
38.87873972172537,-76.9447041245951
38.87873972172537,-76.9411171610773
38.87873972172537,-76.9375301975595
38.87873972172537,-76.93394323404169
38.87873972172537,-76.93035627052389
38.87873972172537,-76.92676930700608
38.87873972172537,-76.92318234348828
38.87873972172537,-76.91959537997047
38.87873972172537,-76.91600841645267
38.87873972172537,-76.91242145293486
38.88152731593712,-77.11329140993192
38.88152731593712,-77.10970444641411
38.88152731593712,-77.10611748289631
38.88152731593712,-77.1025305193785
38.88152731593712,-77.0989435558607
38.88152731593712,-77.0953565923429
38.88152731593712,-77.09176962882509
38.88152731593712,-77.08818266530729
38.88152731593712,-77.08459570178948
38.88152731593712,-77.08100873827168
38.88152731593712,-77.07742177475387
38.88152731593712,-77.07383481123607
38.88152731593712,-77.07024784771826
38.88152731593712,-77.06666088420046
38.88152731593712,-77.06307392068265
38.88152731593712,-77.05948695716485
38.88152731593712,-77.05589999364705
38.88152731593712,-77.05231303012924
38.88152731593712,-77.04872606661144
38.88152731593712,-77.04513910309363
38.88152731593712,-77.04155213957583
38.88152731593712,-77.03796517605802
38.88152731593712,-77.03437821254022
38.88152731593712,-77.03079124902241
38.88152731593712,-77.02720428550461
38.88152731593712,-77.0236173219868
38.88152731593712,-77.020030358469
38.88152731593712,-77.0164433949512
38.88152731593712,-77.01285643143339
38.88152731593712,-77.00926946791559
38.88152731593712,-77.00568250439778
38.88152731593712,-77.00209554087998
38.88152731593712,-76.99850857736217
38.88152731593712,-76.99492161384437
38.88152731593712,-76.99133465032656
38.88152731593712,-76.98774768680876
38.88152731593712,-76.98416072329096
38.88152731593712,-76.98057375977315
38.88152731593712,-76.97698679625535
38.88152731593712,-76.97339983273754
38.88152731593712,-76.96981286921974
38.88152731593712,-76.96622590570193
38.88152731593712,-76.96263894218413
38.88152731593712,-76.95905197866632
38.88152731593712,-76.95546501514852
38.88152731593712,-76.95187805163071
38.88152731593712,-76.94829108811291
38.88152731593712,-76.9447041245951
38.88152731593712,-76.9411171610773
38.88152731593712,-76.9375301975595
38.88152731593712,-76.93394323404169
38.88152731593712,-76.93035627052389
38.88152731593712,-76.92676930700608
38.88152731593712,-76.92318234348828
38.88152731593712,-76.91959537997047
38.88152731593712,-76.91600841645267
38.88152731593712,-76.91242145293486
38.88431491014887,-77.11329140993192
38.88431491014887,-77.10970444641411
38.88431491014887,-77.10611748289631
38.88431491014887,-77.1025305193785
38.88431491014887,-77.0989435558607
38.88431491014887,-77.0953565923429
38.88431491014887,-77.09176962882509
38.88431491014887,-77.08818266530729
38.88431491014887,-77.08459570178948
38.88431491014887,-77.08100873827168
38.88431491014887,-77.07742177475387
38.88431491014887,-77.07383481123607
38.88431491014887,-77.07024784771826
38.88431491014887,-77.06666088420046
38.88431491014887,-77.06307392068265
38.88431491014887,-77.05948695716485
38.88431491014887,-77.05589999364705
38.88431491014887,-77.05231303012924
38.88431491014887,-77.04872606661144
38.88431491014887,-77.04513910309363
38.88431491014887,-77.04155213957583
38.88431491014887,-77.03796517605802
38.88431491014887,-77.03437821254022
38.88431491014887,-77.03079124902241
38.88431491014887,-77.02720428550461
38.88431491014887,-77.0236173219868
38.88431491014887,-77.020030358469
38.88431491014887,-77.0164433949512
38.88431491014887,-77.01285643143339
38.88431491014887,-77.00926946791559
38.88431491014887,-77.00568250439778
38.88431491014887,-77.00209554087998
38.88431491014887,-76.99850857736217
38.88431491014887,-76.99492161384437
38.88431491014887,-76.99133465032656
38.88431491014887,-76.98774768680876
38.88431491014887,-76.98416072329096
38.88431491014887,-76.98057375977315
38.88431491014887,-76.97698679625535
38.88431491014887,-76.97339983273754
38.88431491014887,-76.96981286921974
38.88431491014887,-76.96622590570193
38.88431491014887,-76.96263894218413
38.88431491014887,-76.95905197866632
38.88431491014887,-76.95546501514852
38.88431491014887,-76.95187805163071
38.88431491014887,-76.94829108811291
38.88431491014887,-76.9447041245951
38.88431491014887,-76.9411171610773
38.88431491014887,-76.9375301975595
38.88431491014887,-76.93394323404169
38.88431491014887,-76.93035627052389
38.88431491014887,-76.92676930700608
38.88431491014887,-76.92318234348828
38.88431491014887,-76.91959537997047
38.88431491014887,-76.91600841645267
38.88431491014887,-76.91242145293486
38.88710250436063,-77.11329140993192
38.88710250436063,-77.10970444641411
38.88710250436063,-77.10611748289631
38.88710250436063,-77.1025305193785
38.88710250436063,-77.0989435558607
38.88710250436063,-77.0953565923429
38.88710250436063,-77.09176962882509
38.88710250436063,-77.08818266530729
38.88710250436063,-77.08459570178948
38.88710250436063,-77.08100873827168
38.88710250436063,-77.07742177475387
38.88710250436063,-77.07383481123607
38.88710250436063,-77.07024784771826
38.88710250436063,-77.06666088420046
38.88710250436063,-77.06307392068265
38.88710250436063,-77.05948695716485
38.88710250436063,-77.05589999364705
38.88710250436063,-77.05231303012924
38.88710250436063,-77.04872606661144
38.88710250436063,-77.04513910309363
38.88710250436063,-77.04155213957583
38.88710250436063,-77.03796517605802
38.88710250436063,-77.03437821254022
38.88710250436063,-77.03079124902241
38.88710250436063,-77.02720428550461
38.88710250436063,-77.0236173219868
38.88710250436063,-77.020030358469
38.88710250436063,-77.0164433949512
38.88710250436063,-77.01285643143339
38.88710250436063,-77.00926946791559
38.88710250436063,-77.00568250439778
38.88710250436063,-77.00209554087998
38.88710250436063,-76.99850857736217
38.88710250436063,-76.99492161384437
38.88710250436063,-76.99133465032656
38.88710250436063,-76.98774768680876
38.88710250436063,-76.98416072329096
38.88710250436063,-76.98057375977315
38.88710250436063,-76.97698679625535
38.88710250436063,-76.97339983273754
38.88710250436063,-76.96981286921974
38.88710250436063,-76.96622590570193
38.88710250436063,-76.96263894218413
38.88710250436063,-76.95905197866632
38.88710250436063,-76.95546501514852
38.88710250436063,-76.95187805163071
38.88710250436063,-76.94829108811291
38.88710250436063,-76.9447041245951
38.88710250436063,-76.9411171610773
38.88710250436063,-76.9375301975595
38.88710250436063,-76.93394323404169
38.88710250436063,-76.93035627052389
38.88710250436063,-76.92676930700608
38.88710250436063,-76.92318234348828
38.88710250436063,-76.91959537997047
38.88710250436063,-76.91600841645267
38.88710250436063,-76.91242145293486
38.88989009857238,-77.11329140993192
38.88989009857238,-77.10970444641411
38.88989009857238,-77.10611748289631
38.88989009857238,-77.1025305193785
38.88989009857238,-77.0989435558607
38.88989009857238,-77.0953565923429
38.88989009857238,-77.09176962882509
38.88989009857238,-77.08818266530729
38.88989009857238,-77.08459570178948
38.88989009857238,-77.08100873827168
38.88989009857238,-77.07742177475387
38.88989009857238,-77.07383481123607
38.88989009857238,-77.07024784771826
38.88989009857238,-77.06666088420046
38.88989009857238,-77.06307392068265
38.88989009857238,-77.05948695716485
38.88989009857238,-77.05589999364705
38.88989009857238,-77.05231303012924
38.88989009857238,-77.04872606661144
38.88989009857238,-77.04513910309363
38.88989009857238,-77.04155213957583
38.88989009857238,-77.03796517605802
38.88989009857238,-77.03437821254022
38.88989009857238,-77.03079124902241
38.88989009857238,-77.02720428550461
38.88989009857238,-77.0236173219868
38.88989009857238,-77.020030358469
38.88989009857238,-77.0164433949512
38.88989009857238,-77.01285643143339
38.88989009857238,-77.00926946791559
38.88989009857238,-77.00568250439778
38.88989009857238,-77.00209554087998
38.88989009857238,-76.99850857736217
38.88989009857238,-76.99492161384437
38.88989009857238,-76.99133465032656
38.88989009857238,-76.98774768680876
38.88989009857238,-76.98416072329096
38.88989009857238,-76.98057375977315
38.88989009857238,-76.97698679625535
38.88989009857238,-76.97339983273754
38.88989009857238,-76.96981286921974
38.88989009857238,-76.96622590570193
38.88989009857238,-76.96263894218413
38.88989009857238,-76.95905197866632
38.88989009857238,-76.95546501514852
38.88989009857238,-76.95187805163071
38.88989009857238,-76.94829108811291
38.88989009857238,-76.9447041245951
38.88989009857238,-76.9411171610773
38.88989009857238,-76.9375301975595
38.88989009857238,-76.93394323404169
38.88989009857238,-76.93035627052389
38.88989009857238,-76.92676930700608
38.88989009857238,-76.92318234348828
38.88989009857238,-76.91959537997047
38.88989009857238,-76.91600841645267
38.88989009857238,-76.91242145293486
38.89267769278413,-77.11329140993192
38.89267769278413,-77.10970444641411
38.89267769278413,-77.10611748289631
38.89267769278413,-77.1025305193785
38.89267769278413,-77.0989435558607
38.89267769278413,-77.0953565923429
38.89267769278413,-77.09176962882509
38.89267769278413,-77.08818266530729
38.89267769278413,-77.08459570178948
38.89267769278413,-77.08100873827168
38.89267769278413,-77.07742177475387
38.89267769278413,-77.07383481123607
38.89267769278413,-77.07024784771826
38.89267769278413,-77.06666088420046
38.89267769278413,-77.06307392068265
38.89267769278413,-77.05948695716485
38.89267769278413,-77.05589999364705
38.89267769278413,-77.05231303012924
38.89267769278413,-77.04872606661144
38.89267769278413,-77.04513910309363
38.89267769278413,-77.04155213957583
38.89267769278413,-77.03796517605802
38.89267769278413,-77.03437821254022
38.89267769278413,-77.03079124902241
38.89267769278413,-77.02720428550461
38.89267769278413,-77.0236173219868
38.89267769278413,-77.020030358469
38.89267769278413,-77.0164433949512
38.89267769278413,-77.01285643143339
38.89267769278413,-77.00926946791559
38.89267769278413,-77.00568250439778
38.89267769278413,-77.00209554087998
38.89267769278413,-76.99850857736217
38.89267769278413,-76.99492161384437
38.89267769278413,-76.99133465032656
38.89267769278413,-76.98774768680876
38.89267769278413,-76.98416072329096
38.89267769278413,-76.98057375977315
38.89267769278413,-76.97698679625535
38.89267769278413,-76.97339983273754
38.89267769278413,-76.96981286921974
38.89267769278413,-76.96622590570193
38.89267769278413,-76.96263894218413
38.89267769278413,-76.95905197866632
38.89267769278413,-76.95546501514852
38.89267769278413,-76.95187805163071
38.89267769278413,-76.94829108811291
38.89267769278413,-76.9447041245951
38.89267769278413,-76.9411171610773
38.89267769278413,-76.9375301975595
38.89267769278413,-76.93394323404169
38.89267769278413,-76.93035627052389
38.89267769278413,-76.92676930700608
38.89267769278413,-76.92318234348828
38.89267769278413,-76.91959537997047
38.89267769278413,-76.91600841645267
38.89267769278413,-76.91242145293486
38.895465286995886,-77.11329140993192
38.895465286995886,-77.10970444641411
38.895465286995886,-77.10611748289631
38.895465286995886,-77.1025305193785
38.895465286995886,-77.0989435558607
38.895465286995886,-77.0953565923429
38.895465286995886,-77.09176962882509
38.895465286995886,-77.08818266530729
38.895465286995886,-77.08459570178948
38.895465286995886,-77.08100873827168
38.895465286995886,-77.07742177475387
38.895465286995886,-77.07383481123607
38.895465286995886,-77.07024784771826
38.895465286995886,-77.06666088420046
38.895465286995886,-77.06307392068265
38.895465286995886,-77.05948695716485
38.895465286995886,-77.05589999364705
38.895465286995886,-77.05231303012924
38.895465286995886,-77.04872606661144
38.895465286995886,-77.04513910309363
38.895465286995886,-77.04155213957583
38.895465286995886,-77.03796517605802
38.895465286995886,-77.03437821254022
38.895465286995886,-77.03079124902241
38.895465286995886,-77.02720428550461
38.895465286995886,-77.0236173219868
38.895465286995886,-77.020030358469
38.895465286995886,-77.0164433949512
38.895465286995886,-77.01285643143339
38.895465286995886,-77.00926946791559
38.895465286995886,-77.00568250439778
38.895465286995886,-77.00209554087998
38.895465286995886,-76.99850857736217
38.895465286995886,-76.99492161384437
38.895465286995886,-76.99133465032656
38.895465286995886,-76.98774768680876
38.895465286995886,-76.98416072329096
38.895465286995886,-76.98057375977315
38.895465286995886,-76.97698679625535
38.895465286995886,-76.97339983273754
38.895465286995886,-76.96981286921974
38.895465286995886,-76.96622590570193
38.895465286995886,-76.96263894218413
38.895465286995886,-76.95905197866632
38.895465286995886,-76.95546501514852
38.895465286995886,-76.95187805163071
38.895465286995886,-76.94829108811291
38.895465286995886,-76.9447041245951
38.895465286995886,-76.9411171610773
38.895465286995886,-76.9375301975595
38.895465286995886,-76.93394323404169
38.895465286995886,-76.93035627052389
38.895465286995886,-76.92676930700608
38.895465286995886,-76.92318234348828
38.895465286995886,-76.91959537997047
38.895465286995886,-76.91600841645267
38.895465286995886,-76.91242145293486
38.89825288120764,-77.11329140993192
38.89825288120764,-77.10970444641411
38.89825288120764,-77.10611748289631
38.89825288120764,-77.1025305193785
38.89825288120764,-77.0989435558607
38.89825288120764,-77.0953565923429
38.89825288120764,-77.09176962882509
38.89825288120764,-77.08818266530729
38.89825288120764,-77.08459570178948
38.89825288120764,-77.08100873827168
38.89825288120764,-77.07742177475387
38.89825288120764,-77.07383481123607
38.89825288120764,-77.07024784771826
38.89825288120764,-77.06666088420046
38.89825288120764,-77.06307392068265
38.89825288120764,-77.05948695716485
38.89825288120764,-77.05589999364705
38.89825288120764,-77.05231303012924
38.89825288120764,-77.04872606661144
38.89825288120764,-77.04513910309363
38.89825288120764,-77.04155213957583
38.89825288120764,-77.03796517605802
38.89825288120764,-77.03437821254022
38.89825288120764,-77.03079124902241
38.89825288120764,-77.02720428550461
38.89825288120764,-77.0236173219868
38.89825288120764,-77.020030358469
38.89825288120764,-77.0164433949512
38.89825288120764,-77.01285643143339
38.89825288120764,-77.00926946791559
38.89825288120764,-77.00568250439778
38.89825288120764,-77.00209554087998
38.89825288120764,-76.99850857736217